%% eladata %%

%% 10×5 %%
dataArray = {
    [10, 5, 1.15];
    [5, 1, 2, 21, 1, 1, 53, 1, 5, 95, 1, 4, 55, 2, 3, 34, 5, 34]; 
    [5, 1, 1, 21, 1, 4, 52, 1, 5, 16, 1, 3, 26, 1, 2, 71]; 
    [5, 1, 4, 39, 1, 5, 98, 2, 2, 42, 4, 42, 1, 3, 31, 1, 1, 12]; 
    [5, 2, 2, 77, 5, 77, 1, 1, 55, 1, 5, 79, 1, 3, 66, 1, 4, 77]; 
    [5, 1, 1, 83, 2, 4, 34, 3, 34, 1, 3, 64, 1, 2, 19, 1, 5, 37]; 
    [5, 1, 2, 54, 1, 3, 43, 2, 5, 79, 4, 79, 1, 1, 92, 1, 4, 62]; 
    [5, 2, 4, 69, 3, 69, 1, 5, 77, 1, 2, 87, 1, 3, 87, 1, 1, 93]; 
    [5, 1, 3, 38, 1, 1, 60, 1, 2, 41, 1, 4, 24, 1, 5, 83]; 
    [5, 1, 4, 17, 2, 2, 49, 1, 49, 1, 5, 25, 1, 1, 44, 2, 3, 98, 1, 98]; 
    [5, 1, 5, 77, 2, 4, 79, 1, 79, 2, 3, 43, 2, 43, 1, 2, 75, 1, 1, 96];
};

dataArray = {
    [10, 5, 1.15];
    [5, 1, 1, 20, 1, 4, 87, 1, 2, 31, 1, 5, 76, 2, 3, 17, 5, 17]; 
    [5, 1, 5, 25, 1, 3, 32, 1, 1, 24, 1, 2, 18, 1, 4, 81]; 
    [5, 1, 2, 72, 1, 3, 23, 2, 5, 28, 4, 28, 1, 1, 58, 1, 4, 99]; 
    [5, 2, 3, 86, 5, 86, 1, 2, 76, 1, 5, 97, 1, 1, 45, 1, 4, 90]; 
    [5, 1, 5, 27, 2, 1, 42, 3, 42, 1, 4, 48, 1, 3, 17, 1, 2, 46]; 
    [5, 1, 2, 67, 1, 1, 98, 2, 5, 48, 4, 48, 1, 4, 27, 1, 3, 62]; 
    [5, 2, 5, 28, 3, 28, 1, 2, 12, 1, 4, 19, 1, 1, 80, 1, 3, 50]; 
    [5, 1, 2, 63, 1, 1, 94, 1, 3, 98, 1, 4, 50, 1, 5, 80]; 
    [5, 1, 5, 14, 2, 1, 75, 4, 75, 1, 3, 50, 2, 2, 41, 5, 41, 1, 4, 55]; 
    [5, 1, 5, 72, 1, 3, 18, 2, 2, 37, 4, 37, 1, 4, 79, 2, 1, 61, 3, 61]; 
};

dataArray = {
    [10, 5, 1.15];
    [5, 1, 2, 23, 1, 3, 45, 1, 1, 82, 1, 5, 84, 2, 4, 38, 3, 38]; 
    [5, 1, 3, 21, 1, 2, 29, 1, 1, 18, 1, 5, 41, 1, 4, 50]; 
    [5, 1, 3, 38, 1, 4, 54, 2, 5, 16, 1, 16, 1, 1, 52, 1, 2, 52]; 
    [5, 1, 5, 37, 2, 1, 54, 4, 54, 1, 3, 74, 1, 2, 62, 1, 4, 57]; 
    [5, 1, 5, 57, 2, 1, 81, 3, 81, 1, 2, 61, 1, 4, 68, 1, 3, 30]; 
    [5, 1, 5, 81, 1, 1, 79, 2, 2, 89, 5, 89, 1, 3, 89, 1, 4, 11]; 
    [5, 2, 4, 33, 2, 33, 1, 3, 20, 1, 1, 91, 1, 5, 20, 1, 2, 66]; 
    [5, 1, 5, 24, 1, 2, 84, 1, 1, 32, 1, 3, 55, 1, 4, 8]; 
    [5, 1, 5, 56, 2, 1, 7, 3, 7, 1, 4, 54, 1, 3, 64, 2, 2, 39, 5, 39]; 
    [5, 1, 5, 40, 1, 2, 83, 1, 1, 19, 2, 3, 8, 4, 8, 1, 4, 7]; 
};

dataArray = {
    [10, 5, 1.15];
    [5, 1, 1, 12, 1, 3, 94, 1, 4, 92, 1, 5, 91, 2, 2, 7, 3, 7]; 
    [5, 1, 2, 19, 1, 4, 11, 1, 5, 66, 1, 3, 21, 1, 1, 87]; 
    [5, 1, 2, 14, 1, 1, 75, 2, 4, 13, 1, 13, 1, 5, 16, 1, 3, 20]; 
    [5, 1, 3, 95, 2, 5, 66, 1, 66, 1, 1, 7, 1, 4, 7, 1, 2, 77]; 
    [5, 1, 2, 45, 2, 4, 6, 5, 6, 1, 5, 89, 1, 1, 15, 1, 3, 34]; 
    [5, 1, 4, 77, 1, 3, 20, 1, 1, 76, 2, 5, 88, 4, 88, 1, 2, 53]; 
    [5, 1, 3, 74, 2, 2, 88, 3, 88, 1, 1, 52, 1, 4, 27, 1, 5, 9]; 
    [5, 1, 2, 88, 1, 4, 69, 1, 1, 62, 1, 5, 98, 1, 3, 52]; 
    [5, 1, 3, 61, 1, 5, 9, 2, 1, 62, 4, 62, 1, 2, 52, 2, 4, 90, 5, 90]; 
    [5, 1, 3, 54, 1, 5, 5, 1, 4, 59, 2, 2, 15, 4, 15, 1, 1, 88]; 
};

dataArray = {
    [10, 5, 1.15];
    [5, 1, 2, 72, 1, 1, 87, 1, 5, 95, 1, 3, 66, 2, 4, 60, 3, 60]; 
    [5, 1, 5, 5, 1, 4, 35, 1, 1, 48, 1, 3, 39, 1, 2, 54]; 
    [5, 1, 2, 46, 1, 4, 20, 2, 3, 21, 1, 21, 1, 1, 97, 1, 5, 55]; 
    [5, 1, 1, 59, 2, 4, 19, 1, 19, 1, 5, 46, 1, 2, 34, 1, 3, 37]; 
    [5, 1, 5, 23, 2, 3, 73, 5, 73, 1, 4, 25, 1, 2, 24, 1, 1, 28]; 
    [5, 1, 4, 28, 1, 1, 45, 1, 5, 5, 2, 2, 78, 4, 78, 1, 3, 83]; 
    [5, 1, 1, 53, 2, 4, 71, 3, 71, 1, 2, 37, 1, 5, 29, 1, 3, 12]; 
    [5, 1, 5, 12, 1, 3, 87, 1, 4, 33, 1, 2, 55, 1, 1, 38]; 
    [5, 1, 3, 49, 1, 4, 83, 2, 2, 40, 1, 40, 1, 1, 48, 1, 5, 7]; 
    [5, 2, 3, 65, 1, 65, 1, 4, 17, 2, 1, 90, 4, 90, 1, 5, 27, 2, 2, 23, 3, 23]; 
};


%% 20×5 %%
dataArray = {
    [20, 5, 1.15];  % 20个工件，5个机器，1.15为某种标量信息
    [5, 1, 3, 34, 1, 2, 21, 1, 1, 53, 1, 4, 55, 2, 5, 95, 3, 95];    % 第1个工件
    [5, 1, 1, 21, 1, 4, 52, 1, 2, 71, 1, 5, 16, 1, 3, 26];         % 第2个工件
    [5, 1, 1, 12, 1, 2, 42, 2, 3, 31, 1, 31, 1, 5, 98, 1, 4, 39];   % 第3个工件
    [5, 1, 3, 66, 2, 4, 77, 1, 77, 1, 5, 79, 1, 1, 55, 1, 2, 77];   % 第4个工件
    [5, 1, 1, 83, 2, 5, 37, 3, 37, 1, 4, 34, 1, 2, 19, 1, 3, 64];   % 第5个工件
    [5, 1, 5, 79, 1, 3, 43, 2, 1, 92, 5, 92, 1, 4, 62, 1, 2, 54];   % 第6个工件
    [5, 2, 1, 93, 2, 93, 1, 5, 77, 1, 3, 87, 1, 2, 87, 1, 4, 69];    % 第7个工件
    [5, 1, 5, 83, 1, 4, 24, 1, 2, 41, 1, 3, 38, 1, 1, 60];         % 第8个工件
    [5, 1, 5, 25, 2, 2, 49, 3, 49, 1, 1, 44, 1, 3, 98, 2, 4, 17, 5, 17];  % 第9个工件
    [5, 1, 1, 96, 1, 2, 75, 1, 3, 43, 2, 5, 77, 4, 77, 1, 4, 79];   % 第10个工件
    [5, 2, 1, 95, 3, 95, 1, 4, 76, 1, 2, 7, 1, 5, 28, 1, 3, 35];    % 第11个工件
    [5, 1, 5, 10, 1, 3, 95, 1, 1, 61, 1, 2, 9, 1, 4, 35];         % 第12个工件
    [5, 1, 2, 91, 1, 3, 59, 1, 5, 59, 1, 1, 46, 1, 4, 16];        % 第13个工件
    [5, 1, 3, 27, 1, 2, 52, 1, 5, 43, 1, 1, 28, 1, 4, 50];        % 第14个工件
    [5, 1, 5, 9, 2, 1, 87, 3, 87, 1, 4, 41, 1, 3, 39, 1, 2, 45];   % 第15个工件
    [5, 1, 2, 54, 1, 1, 20, 1, 5, 43, 1, 4, 14, 1, 3, 71];       % 第16个工件
    [5, 1, 5, 33, 2, 2, 28, 5, 28, 1, 4, 26, 1, 1, 78, 1, 3, 37];   % 第17个工件
    [5, 1, 2, 89, 1, 1, 33, 1, 3, 8, 1, 4, 66, 1, 5, 42];         % 第18个工件
    [5, 1, 5, 84, 1, 1, 69, 2, 3, 94, 5, 94, 1, 2, 74, 1, 4, 27];  % 第19个工件
    [5, 1, 5, 81, 1, 3, 45, 1, 2, 78, 1, 4, 69, 1, 1, 96];       % 第20个工件
};

dataArray = {
    [20, 5, 1.15]; % First row
    [5, 1, 2, 23, 1, 1, 82, 1, 5, 84, 1, 3, 45, 2, 4, 38, 3, 38];  % Job 1
    [5, 1, 4, 50, 1, 5, 41, 1, 2, 29, 1, 1, 18, 1, 3, 21];         % Job 2
    [5, 1, 5, 16, 1, 4, 54, 2, 2, 52, 1, 52, 1, 3, 38, 1, 1, 52];  % Job 3
    [5, 1, 2, 62, 2, 4, 57, 1, 57, 1, 5, 37, 1, 3, 74, 1, 1, 54];  % Job 4
    [5, 1, 4, 68, 2, 2, 61, 5, 61, 1, 3, 30, 1, 1, 81, 1, 5, 57];  % Job 5
    [5, 1, 2, 89, 1, 3, 89, 1, 4, 11, 2, 1, 79, 4, 79, 1, 5, 81];  % Job 6
    [5, 1, 2, 66, 2, 1, 91, 3, 91, 1, 4, 33, 1, 5, 20, 1, 3, 20];  % Job 7
    [5, 1, 4, 8, 1, 5, 24, 1, 3, 55, 1, 1, 32, 1, 2, 84];          % Job 8
    [5, 1, 1, 7, 1, 3, 64, 2, 2, 39, 1, 39, 1, 5, 56, 1, 4, 54];   % Job 9
    [5, 2, 1, 19, 3, 19, 1, 5, 40, 1, 4, 7, 2, 3, 8, 1, 8, 2, 2, 83, 3, 83]; % Job 10
    [5, 2, 1, 63, 3, 63, 1, 3, 64, 1, 4, 91, 1, 5, 40, 1, 2, 6];  % Job 11
    [5, 1, 2, 42, 1, 4, 61, 1, 5, 15, 1, 3, 98, 1, 1, 74];        % Job 12
    [5, 1, 2, 80, 1, 1, 26, 1, 4, 75, 1, 5, 6, 1, 3, 87];         % Job 13
    [5, 1, 3, 39, 1, 5, 22, 1, 1, 75, 1, 4, 24, 1, 2, 44];        % Job 14
    [5, 1, 2, 15, 2, 4, 79, 3, 79, 1, 5, 8, 1, 1, 12, 1, 3, 20];  % Job 15
    [5, 1, 4, 26, 1, 3, 43, 1, 1, 80, 1, 5, 22, 1, 2, 61];        % Job 16
    [5, 1, 3, 62, 2, 2, 36, 5, 36, 1, 1, 63, 1, 4, 96, 1, 5, 40]; % Job 17
    [5, 1, 2, 33, 1, 4, 18, 1, 1, 22, 1, 5, 5, 1, 3, 10];        % Job 18
    [5, 1, 3, 64, 1, 5, 64, 2, 1, 89, 5, 89, 1, 2, 96, 1, 4, 95]; % Job 19
    [5, 1, 3, 18, 1, 5, 23, 1, 4, 15, 1, 2, 38, 1, 1, 8];         % Job 20
};

dataArray = {
    [20, 5, 1.15];    % Meta data
    [5, 1, 4, 60, 1, 1, 87, 1, 2, 72, 1, 5, 95, 2, 3, 66, 5, 66];  % Job 1
    [5, 1, 2, 54, 1, 1, 48, 1, 3, 39, 1, 4, 35, 1, 5, 5];          % Job 2
    [5, 1, 4, 20, 1, 2, 46, 2, 1, 97, 4, 97, 1, 3, 21, 1, 5, 55];  % Job 3
    [5, 2, 3, 37, 5, 37, 1, 1, 59, 1, 4, 19, 1, 2, 34, 1, 5, 46];  % Job 4
    [5, 1, 3, 73, 2, 4, 25, 3, 25, 1, 2, 24, 1, 1, 28, 1, 5, 23];  % Job 5
    [5, 1, 2, 78, 1, 4, 28, 2, 3, 83, 5, 83, 1, 1, 45, 1, 5, 5];   % Job 6
    [5, 2, 4, 71, 2, 71, 1, 2, 37, 1, 3, 12, 1, 5, 29, 1, 1, 53];  % Job 7
    [5, 1, 5, 12, 1, 4, 33, 1, 2, 55, 1, 3, 87, 1, 1, 38];        % Job 8
    [5, 1, 1, 48, 2, 2, 40, 3, 40, 1, 3, 49, 1, 4, 83, 2, 5, 7, 3, 7];  % Job 9
    [5, 1, 1, 90, 1, 5, 27, 2, 3, 65, 1, 65, 2, 4, 17, 3, 17, 2, 2, 23, 3, 23]; % Job 10
    [5, 1, 1, 62, 1, 4, 85, 1, 2, 66, 1, 3, 84, 1, 5, 19];        % Job 11
    [5, 1, 4, 59, 1, 3, 46, 1, 5, 13, 1, 2, 64, 1, 1, 25];        % Job 12
    [5, 1, 3, 53, 1, 2, 73, 1, 4, 80, 1, 5, 88, 1, 1, 41];        % Job 13
    [5, 1, 3, 57, 1, 5, 47, 1, 1, 14, 1, 2, 67, 1, 4, 74];        % Job 14
    [5, 2, 3, 41, 5, 41, 1, 5, 64, 1, 4, 84, 1, 2, 78, 1, 1, 84];  % Job 15
    [5, 1, 5, 52, 1, 4, 28, 1, 3, 26, 1, 1, 63, 2, 2, 46, 5, 46];  % Job 16
    [5, 1, 2, 11, 1, 1, 64, 1, 4, 10, 1, 5, 73, 1, 3, 17];        % Job 17
    [5, 1, 5, 38, 1, 4, 95, 1, 1, 85, 1, 2, 97, 1, 3, 67];        % Job 18
    [5, 2, 4, 93, 5, 93, 1, 2, 65, 1, 3, 95, 1, 1, 59, 1, 5, 46];  % Job 19
    [5, 1, 1, 60, 1, 2, 85, 1, 3, 43, 1, 5, 85, 1, 4, 32];        % Job 20
};


dataArray = {
    [20, 5, 1.15];    % Meta data
    [5, 1, 4, 5, 1, 5, 58, 1, 3, 44, 1, 1, 9, 2, 2, 58, 3, 58];  % Job 1
    [5, 1, 2, 89, 1, 5, 96, 1, 1, 97, 1, 3, 84, 1, 4, 77];       % Job 2
    [5, 1, 3, 81, 1, 4, 85, 2, 2, 87, 1, 87, 1, 5, 39, 1, 1, 77]; % Job 3
    [5, 1, 1, 15, 2, 4, 57, 1, 57, 1, 5, 73, 1, 2, 21, 1, 3, 31]; % Job 4
    [5, 1, 3, 48, 2, 5, 71, 3, 71, 1, 4, 70, 1, 1, 40, 1, 2, 49]; % Job 5
    [5, 1, 1, 10, 1, 5, 82, 2, 4, 34, 5, 34, 1, 3, 80, 1, 2, 22]; % Job 6
    [5, 2, 3, 17, 2, 17, 1, 1, 55, 1, 2, 91, 1, 5, 75, 1, 4, 7];  % Job 7
    [5, 1, 4, 47, 1, 3, 62, 1, 2, 72, 1, 5, 35, 1, 1, 11];      % Job 8
    [5, 1, 2, 90, 2, 3, 94, 1, 94, 1, 5, 50, 1, 1, 64, 2, 4, 75, 3, 75]; % Job 9
    [5, 1, 4, 15, 1, 3, 67, 2, 1, 12, 4, 12, 1, 5, 20, 2, 2, 71, 3, 71]; % Job 10
    [5, 1, 5, 93, 1, 3, 29, 1, 1, 52, 1, 2, 57, 1, 4, 68];      % Job 11
    [5, 1, 4, 77, 1, 2, 93, 1, 1, 58, 1, 3, 70, 1, 5, 7];      % Job 12
    [5, 1, 2, 63, 1, 4, 27, 1, 1, 95, 1, 5, 6, 1, 3, 82];      % Job 13
    [5, 1, 5, 36, 1, 1, 26, 1, 4, 48, 1, 3, 56, 1, 2, 87];      % Job 14
    [5, 2, 3, 36, 5, 36, 1, 2, 8, 1, 5, 15, 1, 4, 76, 1, 1, 36]; % Job 15
    [5, 1, 5, 78, 1, 2, 84, 1, 4, 41, 1, 1, 30, 2, 3, 76, 5, 76]; % Job 16
    [5, 1, 2, 78, 1, 1, 75, 1, 5, 88, 1, 4, 13, 1, 3, 81];      % Job 17
    [5, 1, 1, 54, 1, 5, 40, 1, 3, 13, 1, 2, 82, 1, 4, 29];      % Job 18
    [5, 2, 2, 26, 5, 26, 1, 5, 82, 1, 1, 52, 1, 4, 6, 1, 3, 6];  % Job 19
    [5, 1, 4, 54, 1, 2, 64, 1, 1, 54, 1, 3, 32, 1, 5, 88];      % Job 20
};

dataArray = {
    [20, 5, 1.15]; 
    [5, 1, 1, 6, 1, 3, 40, 1, 2, 81, 1, 4, 37, 2, 5, 19, 3, 19]; 
    [5, 1, 3, 40, 1, 4, 32, 1, 1, 55, 1, 5, 81, 1, 2, 9]; 
    [5, 1, 2, 46, 1, 5, 65, 2, 3, 70, 1, 70, 1, 4, 55, 1, 1, 77]; 
    [5, 1, 3, 21, 2, 5, 65, 1, 65, 1, 1, 64, 1, 4, 25, 1, 2, 15]; 
    [5, 1, 3, 85, 2, 1, 40, 5, 40, 1, 2, 44, 1, 4, 24, 1, 5, 37]; 
    [5, 1, 1, 89, 1, 5, 29, 1, 2, 83, 2, 4, 31, 5, 31, 1, 3, 84]; 
    [5, 2, 5, 59, 2, 59, 1, 4, 38, 1, 2, 80, 1, 3, 30, 1, 1, 8]; 
    [5, 1, 1, 80, 1, 3, 56, 1, 2, 77, 1, 5, 41, 1, 4, 97]; 
    [5, 1, 5, 56, 2, 1, 91, 3, 91, 1, 4, 50, 1, 3, 71, 2, 2, 17, 5, 17]; 
    [5, 1, 2, 40, 1, 1, 88, 1, 5, 59, 2, 3, 7, 4, 7, 1, 4, 80]; 
    [5, 2, 1, 45, 3, 45, 1, 2, 29, 1, 3, 8, 1, 5, 77, 1, 4, 58]; 
    [5, 1, 3, 36, 1, 1, 54, 1, 4, 96, 1, 2, 9, 1, 5, 10]; 
    [5, 1, 1, 28, 1, 3, 73, 1, 2, 98, 1, 4, 92, 1, 5, 87]; 
    [5, 1, 1, 70, 1, 4, 86, 1, 3, 27, 1, 2, 99, 1, 5, 96]; 
    [5, 1, 2, 95, 2, 1, 59, 3, 59, 1, 5, 56, 1, 4, 85, 1, 3, 41]; 
    [5, 1, 2, 81, 1, 3, 92, 1, 5, 32, 1, 1, 52, 1, 4, 39]; 
    [5, 1, 2, 7, 2, 5, 22, 3, 22, 1, 3, 12, 1, 1, 88, 1, 4, 60]; 
    [5, 1, 4, 45, 1, 1, 93, 1, 3, 69, 1, 5, 49, 1, 2, 27]; 
    [5, 1, 1, 21, 2, 2, 84, 5, 84, 1, 3, 61, 1, 4, 68, 1, 5, 26]; 
    [5, 1, 2, 82, 1, 3, 33, 1, 5, 71, 1, 1, 99, 1, 4, 44];
};


%% 15×10 %%
dataArray = {
    [15, 10, 1.15]; 
    [10, 1, 3, 34, 1, 4, 55, 1, 6, 95, 1, 10, 16, 2, 5, 21, 8, 21, 1, 7, 71, 1, 1, 53, 1, 9, 52, 1, 2, 21, 1, 8, 26]; 
    [10, 1, 4, 39, 1, 3, 31, 2, 1, 12, 6, 12, 1, 2, 42, 1, 10, 79, 1, 9, 77, 2, 7, 77, 6, 77, 1, 6, 98, 1, 5, 55, 1, 8, 66]; 
    [10, 1, 2, 19, 2, 1, 83, 10, 83, 1, 4, 34, 1, 5, 92, 1, 7, 54, 1, 10, 79, 1, 9, 62, 1, 6, 37, 2, 3, 64, 4, 64, 1, 8, 43]; 
    [10, 1, 5, 60, 2, 3, 87, 10, 87, 1, 9, 24, 1, 6, 77, 1, 4, 69, 1, 8, 38, 1, 2, 87, 1, 7, 41, 1, 10, 83, 1, 1, 93]; 
    [10, 1, 9, 79, 2, 10, 77, 3, 77, 1, 3, 98, 1, 5, 96, 2, 4, 17, 5, 17, 1, 1, 44, 1, 8, 43, 1, 7, 75, 2, 2, 49, 9, 49, 1, 6, 25]; 
    [10, 2, 9, 35, 8, 35, 1, 8, 95, 1, 7, 9, 1, 10, 10, 1, 3, 35, 1, 2, 7, 1, 6, 28, 1, 5, 61, 1, 1, 95, 1, 4, 76]; 
    [10, 1, 5, 28, 1, 6, 59, 1, 4, 16, 1, 10, 43, 1, 1, 46, 1, 9, 50, 1, 7, 52, 1, 8, 27, 1, 3, 59, 1, 2, 91]; 
    [10, 1, 6, 9, 2, 5, 20, 3, 20, 1, 3, 39, 1, 7, 54, 1, 2, 45, 1, 8, 71, 1, 1, 87, 1, 4, 41, 1, 10, 43, 1, 9, 14]; 
    [10, 1, 2, 28, 2, 6, 33, 5, 33, 1, 1, 78, 1, 4, 26, 1, 3, 37, 1, 8, 8, 1, 9, 66, 1, 7, 89, 1, 10, 42, 1, 5, 33]; 
    [10, 1, 3, 94, 1, 6, 84, 2, 7, 78, 5, 78, 1, 10, 81, 1, 2, 74, 1, 4, 27, 1, 9, 69, 1, 1, 69, 1, 8, 45, 1, 5, 96]; 
    [10, 1, 2, 31, 1, 5, 24, 1, 1, 20, 1, 3, 17, 2, 10, 25, 8, 25, 1, 9, 81, 1, 6, 76, 1, 4, 87, 1, 8, 32, 1, 7, 18]; 
    [10, 2, 6, 28, 9, 28, 1, 10, 97, 1, 1, 58, 1, 5, 45, 1, 7, 76, 1, 4, 99, 1, 3, 23, 1, 2, 72, 1, 9, 90, 1, 8, 86]; 
    [10, 1, 6, 27, 1, 10, 48, 3, 9, 27, 4, 27, 3, 27, 2, 8, 62, 4, 62, 1, 5, 98, 2, 7, 67, 1, 67, 1, 4, 48, 1, 1, 42, 1, 2, 46, 2, 3, 17, 2, 17]; 
    [10, 1, 2, 12, 1, 9, 50, 1, 1, 80, 1, 3, 50, 1, 10, 80, 1, 4, 19, 2, 6, 28, 1, 28, 1, 7, 63, 1, 5, 94, 1, 8, 98]; 
    [10, 2, 5, 61, 10, 61, 1, 4, 55, 1, 7, 37, 1, 6, 14, 1, 3, 50, 1, 9, 79, 1, 2, 41, 1, 10, 72, 2, 8, 18, 4, 18, 1, 1, 75];
};

dataArray = {
    [15, 10, 1.15]; 
    [10, 1, 10, 66, 1, 6, 91, 1, 5, 87, 1, 3, 94, 2, 8, 21, 10, 21, 1, 4, 92, 1, 2, 7, 1, 1, 12, 1, 9, 11, 1, 7, 19];  % 工件1
    [10, 1, 4, 13, 1, 3, 20, 2, 5, 7, 9, 7, 1, 2, 14, 1, 10, 66, 2, 1, 75, 10, 75, 1, 7, 77, 1, 6, 16, 1, 8, 95, 1, 9, 7];  % 工件2
    [10, 1, 9, 77, 2, 8, 20, 3, 20, 1, 3, 34, 1, 1, 15, 1, 10, 88, 1, 6, 89, 1, 7, 53, 2, 4, 6, 10, 6, 1, 2, 45, 1, 5, 76];  % 工件3
    [10, 2, 4, 27, 2, 27, 1, 3, 74, 1, 7, 88, 1, 5, 62, 1, 8, 52, 1, 9, 69, 1, 6, 9, 1, 10, 98, 1, 1, 52, 1, 2, 88];  % 工件4
    [10, 1, 5, 88, 2, 7, 15, 3, 15, 1, 2, 52, 1, 3, 61, 2, 8, 54, 5, 54, 1, 1, 62, 1, 9, 59, 1, 6, 9, 2, 4, 90, 9, 90, 1, 10, 5];  % 工件5
    [10, 2, 7, 71, 8, 71, 1, 1, 41, 1, 5, 38, 1, 4, 53, 1, 8, 91, 1, 9, 68, 1, 2, 50, 1, 6, 78, 1, 3, 23, 1, 10, 72];  % 工件6
    [10, 1, 4, 95, 1, 10, 36, 1, 7, 66, 1, 6, 52, 1, 1, 45, 1, 9, 30, 1, 5, 23, 1, 3, 25, 1, 8, 17, 1, 2, 6];  % 工件7
    [10, 1, 5, 65, 2, 2, 8, 3, 8, 1, 9, 85, 1, 1, 71, 1, 8, 65, 1, 7, 28, 1, 6, 88, 1, 4, 76, 1, 10, 27, 1, 3, 95];  % 工件8
    [10, 1, 10, 37, 2, 2, 37, 5, 37, 1, 5, 28, 1, 4, 51, 1, 9, 86, 1, 3, 9, 1, 7, 55, 1, 1, 73, 1, 8, 51, 1, 6, 90];  % 工件9
    [10, 1, 4, 39, 1, 3, 15, 2, 7, 83, 5, 83, 1, 10, 44, 1, 8, 53, 1, 1, 16, 1, 5, 46, 1, 6, 24, 1, 2, 25, 1, 9, 82];  % 工件10
    [10, 1, 2, 72, 1, 5, 48, 1, 1, 87, 1, 3, 66, 2, 10, 5, 8, 5, 1, 7, 54, 1, 8, 39, 1, 9, 35, 1, 6, 95, 1, 4, 60];  % 工件11
    [10, 2, 2, 46, 9, 46, 1, 4, 20, 1, 1, 97, 1, 3, 21, 1, 10, 46, 1, 8, 37, 1, 9, 19, 1, 5, 59, 1, 7, 34, 1, 6, 55];  % 工件12
    [10, 1, 6, 23, 1, 4, 25, 3, 7, 78, 4, 78, 9, 78, 2, 2, 24, 7, 24, 1, 1, 28, 1, 8, 83, 2, 9, 28, 1, 28, 1, 10, 5, 1, 3, 73, 1, 5, 45];  % 工件13
    [10, 2, 2, 37, 8, 37, 1, 1, 53, 1, 8, 87, 1, 5, 38, 1, 4, 71, 1, 6, 29, 2, 10, 12, 1, 12, 1, 9, 33, 1, 7, 55, 1, 3, 12];  % 工件14
    [10, 2, 5, 90, 10, 90, 1, 9, 17, 1, 3, 49, 1, 4, 83, 1, 2, 40, 1, 7, 23, 1, 8, 65, 1, 10, 27, 2, 6, 7, 4, 7, 1, 1, 48];  % 工件15
};

dataArray = {
    [15, 10, 1.15]; 
    [10, 1, 8, 84, 1, 6, 58, 1, 9, 77, 1, 3, 44, 2, 5, 97, 8, 97, 1, 7, 89, 1, 4, 5, 1, 2, 58, 1, 10, 96, 1, 1, 9]; 
    [10, 1, 7, 21, 1, 2, 87, 2, 5, 15, 6, 15, 1, 6, 39, 1, 3, 81, 1, 4, 85, 2, 8, 31, 6, 31, 1, 9, 57, 1, 10, 73, 1, 1, 77]; 
    [10, 1, 1, 40, 2, 6, 71, 10, 71, 1, 9, 34, 1, 10, 82, 1, 4, 70, 1, 7, 22, 1, 5, 10, 1, 8, 80, 2, 3, 48, 4, 48, 1, 2, 49]; 
    [10, 1, 6, 75, 2, 3, 17, 10, 17, 1, 4, 7, 1, 7, 72, 1, 5, 11, 1, 8, 62, 1, 9, 47, 1, 10, 35, 1, 2, 91, 1, 1, 55]; 
    [10, 1, 10, 20, 2, 5, 12, 3, 12, 1, 7, 71, 1, 8, 67, 2, 1, 64, 5, 64, 1, 3, 94, 1, 9, 15, 1, 6, 50, 2, 4, 75, 9, 75, 1, 2, 90]; 
    [10, 2, 7, 93, 8, 93, 1, 6, 93, 1, 2, 57, 1, 8, 70, 1, 9, 77, 1, 5, 58, 1, 1, 52, 1, 3, 29, 1, 10, 7, 1, 4, 68]; 
    [10, 1, 8, 56, 1, 1, 95, 1, 9, 48, 1, 5, 26, 1, 3, 82, 1, 2, 63, 1, 10, 36, 1, 4, 27, 1, 7, 87, 1, 6, 6]; 
    [10, 1, 4, 76, 2, 6, 15, 3, 15, 1, 10, 78, 1, 2, 8, 1, 9, 41, 1, 3, 36, 1, 5, 30, 1, 7, 84, 1, 1, 36, 1, 8, 76]; 
    [10, 1, 1, 75, 2, 8, 13, 5, 13, 1, 3, 81, 1, 9, 29, 1, 5, 54, 1, 7, 82, 1, 6, 88, 1, 2, 78, 1, 10, 40, 1, 4, 13]; 
    [10, 1, 3, 6, 1, 2, 26, 2, 8, 32, 5, 32, 1, 7, 64, 1, 5, 54, 1, 1, 52, 1, 6, 82, 1, 4, 6, 1, 10, 88, 1, 9, 54]; 
    [10, 1, 9, 62, 1, 3, 67, 1, 6, 32, 1, 1, 62, 2, 8, 69, 5, 69, 1, 4, 61, 1, 2, 35, 1, 5, 72, 1, 10, 5, 1, 7, 93]; 
    [10, 2, 3, 78, 2, 78, 1, 10, 90, 1, 1, 85, 1, 2, 72, 1, 9, 64, 1, 7, 63, 1, 4, 11, 1, 8, 82, 1, 6, 88, 1, 5, 7]; 
    [10, 1, 5, 28, 2, 10, 11, 9, 11, 1, 8, 50, 1, 7, 88, 2, 1, 44, 7, 44, 1, 6, 31, 1, 3, 27, 2, 2, 66, 1, 66, 1, 9, 49, 1, 4, 35]; 
    [10, 1, 3, 14, 2, 6, 39, 8, 39, 1, 7, 56, 1, 5, 62, 1, 4, 97, 1, 10, 66, 1, 8, 69, 2, 2, 7, 10, 7, 1, 9, 47, 1, 1, 76]; 
    [10, 1, 2, 18, 1, 9, 93, 2, 8, 58, 3, 58, 1, 7, 47, 1, 4, 69, 1, 10, 57, 1, 3, 41, 1, 6, 53, 1, 5, 79, 1, 1, 64]; 
};

dataArray = {
    [15, 10, 1.15]; 
    [10, 1, 8, 8, 1, 10, 75, 1, 1, 72, 1, 7, 74, 2, 5, 30, 8, 30, 1, 9, 43, 1, 3, 38, 1, 6, 98, 1, 2, 26, 1, 4, 19]; 
    [10, 1, 7, 19, 1, 9, 73, 2, 4, 43, 6, 43, 1, 1, 23, 1, 2, 85, 1, 5, 39, 2, 6, 13, 9, 13, 1, 10, 26, 1, 3, 67, 1, 8, 9]; 
    [10, 1, 2, 50, 2, 4, 93, 3, 93, 1, 6, 80, 1, 5, 7, 1, 1, 55, 1, 3, 61, 1, 7, 57, 2, 9, 72, 10, 72, 1, 10, 42, 1, 8, 46]; 
    [10, 2, 2, 68, 3, 68, 1, 8, 43, 1, 5, 99, 1, 7, 60, 1, 6, 68, 1, 1, 91, 1, 9, 11, 1, 4, 96, 1, 10, 11, 1, 3, 72]; 
    [10, 1, 8, 84, 2, 3, 34, 1, 34, 1, 9, 40, 1, 6, 7, 2, 2, 70, 3, 70, 1, 7, 74, 1, 4, 12, 2, 1, 43, 6, 43, 2, 10, 69, 8, 69, 2, 5, 30, 8, 30]; 
    [10, 1, 9, 60, 1, 1, 49, 1, 5, 59, 1, 6, 72, 1, 10, 63, 1, 2, 69, 1, 8, 99, 1, 7, 45, 1, 4, 27, 1, 3, 9]; 
    [10, 1, 7, 71, 1, 3, 91, 1, 9, 65, 1, 2, 90, 1, 10, 98, 1, 5, 8, 1, 8, 50, 1, 1, 75, 1, 6, 37, 1, 4, 17]; 
    [10, 2, 9, 62, 3, 62, 1, 8, 90, 1, 6, 98, 1, 4, 31, 1, 3, 91, 1, 5, 38, 1, 10, 72, 1, 2, 9, 1, 1, 72, 1, 7, 49]; 
    [10, 2, 5, 35, 8, 35, 1, 1, 39, 1, 10, 74, 1, 6, 25, 1, 8, 47, 1, 4, 52, 1, 3, 63, 1, 9, 21, 1, 7, 35, 1, 2, 80]; 
    [10, 2, 10, 58, 5, 58, 1, 1, 5, 1, 4, 50, 1, 9, 52, 1, 2, 88, 1, 7, 20, 1, 3, 68, 1, 6, 24, 1, 5, 53, 1, 8, 57]; 
    [10, 1, 8, 99, 1, 4, 91, 2, 5, 33, 8, 33, 1, 6, 19, 1, 3, 18, 1, 7, 38, 1, 1, 24, 1, 10, 35, 2, 2, 49, 9, 49, 1, 9, 9]; 
    [10, 1, 1, 68, 1, 4, 60, 1, 3, 77, 1, 8, 10, 1, 9, 60, 1, 6, 15, 1, 10, 72, 1, 2, 18, 1, 7, 90, 1, 5, 18]; 
    [10, 3, 10, 79, 4, 79, 9, 79, 2, 2, 60, 7, 60, 1, 4, 56, 1, 7, 91, 2, 3, 40, 1, 40, 1, 9, 86, 1, 8, 72, 1, 1, 80, 2, 6, 89, 8, 89, 1, 5, 51]; 
    [10, 1, 5, 10, 1, 3, 92, 1, 6, 23, 1, 7, 46, 2, 9, 40, 10, 40, 1, 8, 72, 1, 4, 6, 1, 2, 23, 1, 1, 95, 2, 10, 34, 3, 34]; 
    [10, 1, 3, 24, 1, 6, 29, 1, 10, 49, 1, 9, 55, 1, 1, 47, 1, 7, 77, 1, 4, 77, 2, 8, 8, 9, 8, 1, 2, 28, 1, 5, 48];
};

dataArray = {
    [15, 10, 1.15]; 
    [10, 1, 9, 14, 1, 5, 75, 1, 4, 12, 1, 3, 38, 2, 1, 76, 8, 76, 1, 6, 97, 1, 10, 12, 1, 2, 29, 1, 8, 44, 1, 7, 66]; 
    [10, 1, 6, 38, 1, 4, 82, 2, 3, 85, 6, 85, 1, 5, 58, 1, 7, 87, 1, 10, 89, 2, 1, 43, 6, 43, 1, 2, 80, 1, 8, 69, 1, 9, 92]; 
    [10, 1, 10, 5, 2, 2, 84, 10, 84, 1, 1, 43, 1, 7, 48, 1, 5, 8, 1, 8, 7, 1, 4, 41, 1, 6, 61, 2, 9, 66, 4, 66, 1, 3, 14]; 
    [10, 1, 3, 42, 2, 2, 8, 3, 8, 1, 1, 96, 1, 6, 19, 1, 5, 59, 1, 8, 97, 1, 10, 73, 1, 9, 43, 1, 4, 74, 1, 7, 41]; 
    [10, 1, 7, 55, 1, 3, 70, 2, 4, 75, 1, 75, 1, 9, 42, 1, 5, 37, 2, 8, 23, 3, 23, 1, 2, 48, 1, 6, 5, 2, 10, 38, 6, 38, 2, 1, 7, 8, 7]; 
    [10, 2, 9, 9, 8, 9, 1, 3, 72, 1, 8, 31, 1, 1, 79, 1, 6, 73, 1, 4, 95, 1, 5, 25, 1, 7, 43, 1, 10, 60, 1, 2, 56]; 
    [10, 1, 1, 97, 1, 3, 64, 1, 4, 78, 1, 6, 21, 1, 5, 94, 1, 10, 31, 1, 9, 53, 1, 7, 16, 1, 8, 86, 1, 2, 7]; 
    [10, 1, 4, 86, 2, 8, 85, 3, 85, 1, 10, 63, 1, 1, 61, 1, 3, 65, 1, 5, 30, 1, 6, 32, 1, 2, 33, 1, 9, 44, 1, 7, 59]; 
    [10, 1, 3, 44, 2, 4, 16, 5, 16, 1, 5, 11, 1, 7, 45, 1, 2, 30, 1, 10, 84, 1, 9, 93, 1, 1, 60, 1, 6, 61, 1, 8, 90]; 
    [10, 1, 8, 36, 1, 9, 31, 2, 5, 47, 7, 47, 1, 7, 52, 1, 1, 32, 1, 6, 11, 1, 3, 28, 1, 10, 35, 1, 4, 20, 1, 2, 49]; 
    [10, 1, 9, 20, 1, 7, 49, 1, 8, 74, 2, 5, 10, 8, 10, 1, 6, 17, 1, 4, 34, 1, 1, 85, 1, 3, 77, 1, 10, 68, 1, 2, 84]; 
    [10, 2, 2, 85, 4, 85, 1, 6, 7, 1, 9, 71, 1, 7, 59, 1, 5, 76, 1, 1, 17, 1, 4, 29, 1, 3, 17, 1, 8, 48, 1, 10, 13]; 
    [10, 1, 3, 15, 3, 7, 87, 4, 87, 9, 87, 2, 8, 11, 7, 11, 1, 2, 39, 1, 5, 39, 2, 9, 43, 1, 43, 1, 1, 19, 1, 4, 32, 1, 10, 16, 2, 6, 64, 8, 64]; 
    [10, 1, 7, 32, 1, 3, 92, 1, 6, 33, 1, 9, 82, 1, 2, 83, 2, 8, 57, 10, 57, 1, 10, 99, 1, 5, 91, 1, 4, 99, 1, 1, 8]; 
    [10, 2, 5, 88, 3, 88, 1, 8, 7, 1, 9, 27, 1, 2, 38, 1, 4, 91, 1, 3, 69, 1, 7, 21, 1, 10, 62, 2, 6, 39, 9, 39, 1, 1, 48]; 
};

%% 20×10 %%

% 输入数据
dataArray = {
    [20, 10, 1.15];
    [10, 1, 9, 52, 1, 8, 26, 1, 7, 71, 1, 10, 16, 2, 3, 34, 8, 34, 1, 2, 21, 1, 6, 95, 1, 5, 21, 1, 1, 53, 1, 4, 55];
    [10, 1, 5, 55, 1, 6, 98, 2, 4, 39, 6, 39, 1, 10, 79, 1, 1, 12, 1, 9, 77, 2, 7, 77, 6, 77, 1, 8, 66, 1, 3, 31, 1, 2, 42];
    [10, 1, 6, 37, 2, 5, 92, 10, 92, 1, 3, 64, 1, 7, 54, 1, 2, 19, 1, 8, 43, 1, 1, 83, 1, 4, 34, 2, 10, 79, 4, 79, 1, 9, 62];
    [10, 1, 2, 87, 2, 6, 77, 3, 77, 1, 1, 93, 1, 4, 69, 1, 3, 87, 1, 8, 38, 1, 9, 24, 1, 7, 41, 1, 10, 83, 1, 5, 60];
    [10, 1, 3, 98, 1, 6, 25, 2, 7, 75, 1, 75, 1, 10, 77, 1, 2, 49, 2, 4, 17, 3, 17, 1, 9, 79, 1, 1, 44, 2, 8, 43, 6, 43, 2, 5, 96, 8, 96];
    [10, 2, 2, 7, 8, 7, 1, 5, 61, 1, 1, 95, 1, 3, 35, 1, 10, 10, 1, 9, 35, 1, 6, 28, 1, 4, 76, 1, 8, 95, 1, 7, 9];
    [10, 1, 6, 59, 1, 10, 43, 1, 1, 46, 1, 5, 28, 1, 7, 52, 1, 4, 16, 1, 3, 59, 1, 2, 91, 1, 9, 50, 1, 8, 27];
    [10, 1, 6, 9, 2, 10, 43, 3, 43, 1, 9, 14, 1, 8, 71, 1, 5, 20, 1, 7, 54, 1, 4, 41, 1, 1, 87, 1, 2, 45, 1, 3, 39];
    [10, 1, 2, 28, 2, 9, 66, 5, 66, 1, 1, 78, 1, 3, 37, 1, 10, 42, 1, 4, 26, 1, 6, 33, 1, 7, 89, 1, 5, 33, 1, 8, 8];
    [10, 1, 5, 96, 1, 4, 27, 2, 7, 78, 5, 78, 1, 6, 84, 1, 3, 94, 1, 9, 69, 1, 2, 74, 1, 10, 81, 1, 8, 45, 1, 1, 69];
    [10, 1, 5, 24, 1, 8, 32, 1, 10, 25, 1, 3, 17, 2, 4, 87, 8, 87, 1, 9, 81, 1, 6, 76, 1, 7, 18, 1, 2, 31, 1, 1, 20];
    [10, 2, 9, 90, 2, 90, 1, 6, 28, 1, 2, 72, 1, 8, 86, 1, 3, 23, 1, 4, 99, 1, 7, 76, 1, 10, 97, 1, 5, 45, 1, 1, 58];
    [10, 1, 3, 17, 2, 5, 98, 9, 98, 1, 4, 48, 1, 2, 46, 2, 9, 27, 7, 27, 1, 7, 67, 1, 8, 62, 2, 1, 42, 5, 42, 1, 10, 48, 1, 6, 27];
    [10, 2, 1, 80, 2, 80, 1, 9, 50, 1, 4, 19, 1, 8, 98, 1, 6, 28, 1, 3, 50, 1, 5, 94, 2, 7, 63, 1, 63, 1, 2, 12, 1, 10, 80];
    [10, 1, 10, 72, 2, 1, 75, 10, 75, 1, 5, 61, 1, 9, 79, 1, 7, 37, 1, 3, 50, 1, 6, 14, 1, 4, 55, 1, 8, 18, 2, 2, 41, 4, 41];
    [10, 1, 4, 96, 1, 3, 14, 1, 6, 57, 1, 1, 47, 1, 8, 65, 1, 5, 75, 1, 9, 79, 1, 2, 71, 1, 7, 60, 1, 10, 22];
    [10, 2, 2, 31, 9, 31, 1, 8, 47, 1, 9, 58, 1, 4, 32, 1, 5, 44, 1, 6, 58, 1, 7, 34, 1, 1, 33, 1, 3, 69, 1, 10, 51];
    [10, 1, 2, 44, 1, 8, 40, 1, 3, 17, 1, 1, 62, 1, 9, 66, 1, 7, 15, 1, 4, 29, 3, 10, 38, 8, 38, 5, 38, 1, 6, 8, 1, 5, 97];
    [10, 1, 3, 58, 2, 4, 50, 6, 50, 1, 5, 63, 1, 10, 87, 1, 1, 57, 1, 7, 21, 1, 8, 57, 1, 9, 32, 1, 2, 39, 1, 6, 20];
    [10, 1, 2, 85, 1, 1, 84, 1, 6, 56, 1, 4, 61, 1, 10, 15, 1, 8, 70, 1, 9, 30, 1, 3, 90, 1, 7, 67, 1, 5, 20];
};

dataArray = {
    [20, 10, 1.15];
    [10, 1, 4, 60, 1, 5, 48, 1, 6, 95, 1, 1, 87, 2, 2, 72, 8, 72, 1, 10, 5, 1, 9, 35, 1, 8, 39, 1, 7, 54, 1, 3, 66];
    [10, 1, 8, 37, 1, 7, 34, 2, 1, 97, 6, 97, 1, 6, 55, 1, 3, 21, 1, 4, 20, 2, 5, 59, 6, 59, 1, 10, 46, 1, 9, 19, 1, 2, 46];
    [10, 1, 5, 45, 2, 3, 73, 10, 73, 1, 2, 24, 1, 9, 28, 1, 1, 28, 1, 4, 25, 1, 6, 23, 1, 8, 83, 2, 10, 5, 4, 5, 1, 7, 78];
    [10, 1, 1, 53, 2, 3, 12, 10, 12, 1, 10, 12, 1, 2, 37, 1, 9, 33, 1, 4, 71, 1, 7, 55, 1, 6, 29, 1, 8, 87, 1, 5, 38];
    [10, 1, 5, 90, 2, 3, 49, 1, 49, 1, 10, 27, 1, 8, 65, 2, 6, 7, 3, 7, 1, 7, 23, 1, 1, 48, 2, 4, 83, 6, 83, 2, 9, 17, 8, 17, 2, 2, 40, 8, 40];
    [10, 1, 4, 85, 1, 5, 25, 1, 3, 84, 1, 7, 64, 1, 10, 13, 1, 2, 66, 1, 8, 46, 1, 9, 59, 1, 1, 62, 1, 6, 19];
    [10, 1, 6, 88, 1, 7, 67, 1, 5, 14, 1, 1, 41, 1, 2, 73, 1, 8, 57, 1, 3, 53, 1, 4, 80, 1, 10, 47, 1, 9, 74];
    [10, 2, 2, 78, 3, 78, 1, 6, 64, 1, 5, 63, 1, 7, 46, 1, 4, 84, 1, 1, 84, 1, 9, 28, 1, 10, 52, 1, 8, 26, 1, 3, 41];
    [10, 2, 2, 11, 5, 11, 1, 1, 64, 1, 7, 97, 1, 10, 38, 1, 3, 17, 1, 5, 85, 1, 6, 73, 1, 4, 10, 1, 9, 95, 1, 8, 67];
    [10, 1, 4, 93, 2, 3, 95, 5, 95, 1, 8, 43, 1, 2, 65, 1, 9, 32, 1, 1, 59, 1, 7, 85, 1, 6, 46, 1, 10, 85, 1, 5, 60];
    [10, 1, 3, 61, 1, 4, 41, 1, 6, 49, 2, 5, 23, 8, 23, 1, 1, 66, 1, 8, 49, 1, 9, 70, 1, 10, 99, 1, 2, 90, 2, 7, 17, 9, 17];
    [10, 1, 5, 13, 1, 8, 7, 1, 2, 98, 1, 9, 57, 1, 1, 73, 1, 4, 73, 1, 3, 68, 1, 6, 40, 1, 10, 98, 1, 7, 9];
    [10, 1, 10, 86, 3, 7, 76, 4, 76, 9, 76, 2, 5, 14, 7, 14, 1, 4, 41, 1, 2, 85, 2, 1, 37, 5, 37, 1, 9, 19, 1, 3, 17, 2, 8, 54, 2, 54, 1, 6, 79];
    [10, 1, 2, 40, 1, 3, 53, 1, 8, 97, 1, 6, 87, 1, 9, 96, 2, 5, 84, 1, 84, 1, 4, 16, 1, 7, 66, 1, 10, 52, 2, 1, 95, 10, 95];
    [10, 1, 7, 33, 1, 2, 33, 1, 4, 87, 1, 1, 18, 1, 3, 55, 1, 9, 13, 1, 5, 77, 2, 8, 60, 4, 60, 1, 10, 42, 1, 6, 74];
    [10, 1, 8, 92, 1, 6, 91, 1, 9, 79, 1, 3, 54, 1, 5, 69, 1, 7, 79, 1, 4, 33, 1, 2, 61, 2, 10, 39, 2, 39, 1, 1, 16];
    [10, 1, 7, 82, 1, 2, 41, 1, 5, 28, 1, 6, 64, 1, 3, 78, 1, 4, 76, 1, 8, 6, 1, 9, 49, 1, 10, 47, 1, 1, 58];
    [10, 1, 1, 52, 1, 6, 42, 1, 9, 24, 1, 10, 91, 1, 4, 47, 2, 7, 88, 4, 88, 1, 5, 91, 1, 8, 52, 1, 3, 28, 1, 2, 35];
    [10, 2, 6, 82, 5, 82, 1, 3, 76, 1, 4, 86, 1, 7, 93, 1, 5, 84, 1, 8, 38, 1, 9, 95, 1, 10, 37, 1, 2, 21, 1, 1, 23];
    [10, 1, 10, 77, 1, 5, 8, 1, 7, 42, 1, 8, 64, 1, 1, 70, 1, 3, 45, 1, 9, 45, 1, 6, 28, 1, 4, 67, 1, 2, 86];
};

dataArray = {
    [20, 10, 1.15];
    [10, 1, 9, 32, 1, 2, 81, 1, 5, 55, 1, 8, 40, 2, 1, 6, 8, 6, 1, 6, 19, 1, 10, 81, 1, 4, 37, 1, 3, 40, 1, 7, 9];
    [10, 1, 3, 70, 1, 4, 55, 2, 8, 21, 6, 21, 1, 5, 64, 1, 2, 46, 1, 9, 25, 2, 10, 65, 6, 65, 1, 1, 77, 1, 6, 65, 1, 7, 15];
    [10, 1, 8, 84, 2, 5, 89, 10, 89, 1, 4, 24, 1, 2, 44, 1, 3, 85, 1, 9, 31, 1, 10, 29, 1, 7, 83, 2, 6, 37, 4, 37, 1, 1, 40];
    [10, 1, 5, 80, 2, 6, 59, 3, 59, 1, 1, 8, 1, 3, 30, 1, 7, 77, 1, 4, 38, 1, 2, 80, 1, 8, 56, 1, 10, 41, 1, 9, 97];
    [10, 1, 7, 40, 1, 3, 71, 2, 1, 91, 9, 91, 1, 8, 7, 2, 10, 59, 5, 59, 1, 9, 80, 1, 4, 50, 1, 6, 56, 2, 2, 17, 9, 17, 1, 5, 88];
    [10, 2, 8, 36, 3, 36, 1, 10, 10, 1, 1, 45, 1, 7, 9, 1, 5, 54, 1, 9, 96, 1, 3, 8, 1, 6, 77, 1, 2, 29, 1, 4, 58];
    [10, 1, 7, 99, 1, 9, 86, 1, 4, 92, 1, 1, 28, 1, 2, 98, 1, 5, 70, 1, 6, 87, 1, 10, 96, 1, 3, 73, 1, 8, 27];
    [10, 2, 2, 95, 1, 95, 1, 4, 85, 1, 6, 56, 1, 5, 52, 1, 1, 59, 1, 3, 41, 1, 7, 81, 1, 9, 39, 1, 10, 32, 1, 8, 92];
    [10, 2, 2, 7, 10, 7, 1, 8, 69, 1, 5, 93, 1, 7, 27, 1, 6, 22, 1, 1, 88, 1, 9, 45, 1, 4, 60, 1, 10, 49, 1, 3, 12];
    [10, 1, 8, 33, 2, 3, 61, 10, 61, 1, 9, 44, 1, 6, 26, 1, 2, 84, 1, 7, 82, 1, 4, 68, 1, 1, 21, 1, 10, 71, 1, 5, 99];
    [10, 1, 9, 43, 1, 1, 72, 1, 5, 30, 2, 6, 98, 8, 98, 1, 10, 75, 1, 2, 26, 1, 8, 8, 1, 7, 74, 1, 4, 19, 1, 3, 38];
    [10, 2, 7, 19, 2, 19, 1, 3, 67, 1, 9, 73, 1, 2, 85, 1, 10, 26, 1, 5, 39, 1, 8, 9, 1, 1, 23, 1, 6, 13, 1, 4, 43];
    [10, 1, 9, 72, 2, 8, 46, 9, 46, 1, 6, 80, 1, 4, 93, 2, 3, 61, 7, 61, 1, 5, 7, 1, 10, 42, 2, 2, 50, 1, 50, 1, 1, 55, 1, 7, 57];
    [10, 1, 5, 99, 2, 1, 91, 8, 91, 1, 10, 11, 1, 6, 68, 1, 8, 43, 1, 4, 96, 1, 3, 72, 2, 9, 11, 10, 11, 1, 7, 60, 1, 2, 68];
    [10, 1, 10, 69, 1, 1, 43, 2, 4, 12, 3, 12, 1, 9, 40, 1, 2, 70, 1, 7, 74, 1, 3, 34, 1, 6, 7, 1, 5, 30, 1, 8, 84];
    [10, 2, 8, 99, 9, 99, 1, 4, 27, 1, 5, 59, 1, 6, 72, 1, 3, 9, 1, 7, 45, 1, 1, 49, 1, 10, 63, 1, 2, 69, 1, 9, 60];
    [10, 1, 1, 75, 2, 4, 17, 9, 17, 1, 3, 91, 1, 8, 50, 1, 9, 65, 1, 6, 37, 1, 10, 98, 1, 2, 90, 1, 7, 71, 1, 5, 8];
    [10, 1, 10, 72, 1, 2, 9, 1, 4, 31, 1, 7, 49, 1, 3, 91, 1, 9, 62, 1, 8, 90, 1, 1, 72, 3, 6, 98, 8, 98, 5, 98, 1, 5, 38];
    [10, 1, 5, 35, 1, 3, 63, 2, 6, 25, 5, 25, 1, 7, 35, 1, 9, 21, 1, 8, 47, 1, 4, 52, 1, 2, 80, 1, 1, 39, 1, 10, 74];
    [10, 1, 3, 68, 1, 6, 24, 1, 10, 58, 1, 9, 52, 1, 1, 5, 1, 7, 20, 1, 4, 50, 1, 8, 57, 1, 2, 88, 1, 5, 53];
};

dataArray = {
    [20, 10, 1.15]; 
    [10, 1, 9, 14, 1, 3, 38, 1, 8, 44, 1, 1, 76, 2, 6, 97, 8, 97, 1, 4, 12, 1, 5, 75, 1, 7, 66, 1, 10, 12, 1, 2, 29]; 
    [10, 1, 1, 43, 1, 3, 85, 2, 4, 82, 6, 82, 1, 6, 38, 1, 5, 58, 1, 10, 89, 2, 9, 92, 6, 92, 1, 7, 87, 1, 8, 69, 1, 2, 80]; 
    [10, 1, 4, 41, 2, 8, 7, 10, 7, 1, 10, 5, 1, 1, 43, 1, 3, 14, 1, 5, 8, 1, 6, 61, 1, 2, 84, 2, 9, 66, 4, 66, 1, 7, 48]; 
    [10, 1, 3, 42, 2, 4, 74, 3, 74, 1, 5, 59, 1, 7, 41, 1, 2, 8, 1, 10, 73, 1, 9, 43, 1, 1, 96, 1, 6, 19, 1, 8, 97]; 
    [10, 1, 8, 23, 1, 9, 42, 2, 5, 37, 1, 37, 1, 7, 55, 1, 1, 7, 2, 6, 5, 3, 5, 1, 3, 70, 1, 10, 38, 2, 4, 75, 6, 75, 2, 2, 48, 8, 48]; 
    [10, 2, 9, 9, 8, 9, 1, 7, 43, 1, 8, 31, 1, 5, 25, 1, 6, 73, 1, 4, 95, 1, 1, 79, 1, 3, 72, 1, 10, 60, 1, 2, 56]; 
    [10, 1, 2, 7, 1, 6, 21, 1, 9, 53, 1, 7, 16, 1, 5, 94, 1, 1, 97, 1, 4, 78, 1, 3, 64, 1, 8, 86, 1, 10, 31]; 
    [10, 1, 3, 65, 2, 7, 59, 3, 59, 1, 8, 85, 1, 2, 33, 1, 5, 30, 1, 9, 44, 1, 1, 61, 1, 4, 86, 1, 10, 63, 1, 6, 32]; 
    [10, 1, 7, 45, 2, 3, 44, 5, 44, 1, 6, 61, 1, 9, 93, 1, 2, 30, 1, 8, 90, 1, 10, 84, 1, 5, 11, 1, 4, 16, 1, 1, 60]; 
    [10, 1, 5, 47, 1, 8, 36, 2, 9, 31, 5, 31, 1, 2, 49, 1, 4, 20, 1, 3, 28, 1, 7, 52, 1, 10, 35, 1, 6, 11, 1, 1, 32]; 
    [10, 1, 3, 77, 1, 5, 10, 1, 10, 68, 1, 6, 17, 2, 1, 85, 8, 85, 1, 2, 84, 1, 9, 20, 1, 7, 49, 1, 8, 74, 1, 4, 34]; 
    [10, 2, 1, 17, 9, 17, 1, 6, 7, 1, 2, 85, 1, 4, 29, 1, 3, 17, 1, 5, 76, 1, 7, 59, 1, 9, 71, 1, 10, 13, 1, 8, 48]; 
    [10, 1, 7, 87, 1, 5, 39, 3, 9, 43, 4, 43, 3, 43, 2, 8, 11, 4, 11, 1, 3, 15, 2, 4, 32, 1, 32, 1, 6, 64, 1, 1, 19, 1, 2, 39, 2, 10, 16, 2, 16]; 
    [10, 1, 6, 33, 1, 4, 99, 1, 7, 32, 1, 5, 91, 1, 9, 82, 1, 3, 92, 2, 10, 99, 1, 99, 1, 8, 57, 1, 2, 83, 1, 1, 8]; 
    [10, 2, 4, 91, 10, 91, 1, 6, 39, 1, 3, 69, 1, 9, 27, 1, 8, 7, 1, 7, 21, 1, 2, 38, 1, 10, 62, 2, 5, 88, 4, 88, 1, 1, 48]; 
    [10, 1, 3, 67, 1, 8, 80, 1, 4, 24, 1, 1, 88, 1, 5, 18, 1, 2, 44, 1, 9, 45, 1, 10, 64, 1, 6, 80, 2, 7, 38, 2, 38]; 
    [10, 1, 10, 59, 1, 4, 72, 1, 7, 47, 1, 5, 40, 1, 8, 21, 1, 6, 43, 1, 1, 51, 1, 9, 52, 1, 2, 24, 1, 3, 15]; 
    [10, 1, 4, 70, 1, 3, 31, 1, 7, 20, 1, 9, 76, 1, 2, 40, 1, 8, 43, 2, 1, 32, 4, 32, 1, 6, 88, 1, 10, 5, 1, 5, 77]; 
    [10, 1, 5, 47, 2, 6, 64, 5, 64, 1, 10, 85, 1, 4, 49, 1, 8, 58, 1, 2, 26, 1, 1, 32, 1, 9, 80, 1, 3, 14, 1, 7, 94]; 
    [10, 1, 6, 59, 1, 3, 96, 1, 1, 5, 1, 8, 79, 1, 9, 34, 1, 5, 75, 1, 4, 26, 1, 7, 9, 1, 10, 23, 1, 2, 11];
};

dataArray = {
    [20, 10, 1.15]; 
    [10, 1, 7, 32, 1, 4, 16, 1, 2, 33, 1, 9, 12, 2, 8, 70, 10, 70, 1, 5, 10, 1, 10, 75, 1, 1, 82, 1, 6, 88, 1, 3, 20]; 
    [10, 1, 9, 39, 1, 5, 81, 2, 4, 91, 9, 91, 1, 6, 56, 1, 10, 69, 2, 2, 45, 10, 45, 1, 7, 59, 1, 1, 86, 1, 3, 36, 1, 8, 68]; 
    [10, 1, 4, 84, 2, 3, 57, 6, 57, 1, 8, 41, 1, 6, 73, 1, 5, 81, 1, 1, 88, 1, 9, 38, 2, 10, 17, 4, 17, 1, 7, 83, 1, 2, 5]; 
    [10, 2, 5, 20, 3, 20, 1, 6, 6, 1, 3, 15, 1, 9, 19, 1, 2, 30, 1, 1, 94, 1, 7, 45, 1, 8, 17, 1, 4, 18, 1, 10, 88]; 
    [10, 1, 10, 24, 2, 7, 49, 1, 49, 1, 6, 16, 1, 5, 11, 2, 4, 60, 3, 60, 1, 8, 5, 1, 9, 63, 2, 2, 25, 6, 25, 2, 3, 15, 8, 15, 2, 1, 45, 8, 45]; 
    [10, 1, 2, 86, 1, 9, 50, 1, 3, 77, 1, 7, 54, 1, 10, 48, 1, 1, 93, 1, 4, 32, 1, 8, 92, 1, 6, 45, 1, 5, 71]; 
    [10, 1, 6, 86, 1, 7, 90, 1, 4, 78, 1, 10, 88, 1, 3, 57, 1, 1, 32, 1, 8, 57, 1, 9, 86, 1, 5, 71, 1, 2, 39]; 
    [10, 2, 3, 59, 10, 59, 1, 4, 18, 1, 10, 31, 1, 5, 41, 1, 8, 20, 1, 6, 83, 1, 9, 65, 1, 1, 54, 1, 7, 94, 2, 2, 69, 10, 69]; 
    [10, 1, 4, 47, 1, 5, 79, 1, 7, 76, 1, 1, 59, 1, 2, 72, 1, 3, 8, 1, 10, 30, 1, 6, 73, 1, 8, 57, 1, 9, 84]; 
    [10, 2, 1, 59, 10, 59, 1, 3, 89, 1, 5, 10, 1, 8, 45, 1, 4, 8, 1, 6, 54, 1, 7, 88, 1, 9, 20, 1, 10, 7, 1, 2, 62]; 
    [10, 1, 6, 63, 1, 7, 9, 2, 5, 77, 8, 77, 1, 4, 37, 1, 3, 5, 1, 9, 13, 1, 10, 79, 1, 2, 24, 1, 8, 10, 2, 1, 82, 2, 82]; 
    [10, 1, 1, 74, 1, 2, 32, 1, 3, 61, 1, 8, 53, 1, 5, 92, 1, 10, 20, 1, 9, 10, 1, 4, 5, 1, 7, 45, 1, 6, 23]; 
    [10, 2, 3, 85, 9, 85, 1, 10, 51, 1, 1, 61, 2, 6, 99, 7, 99, 1, 5, 37, 1, 7, 94, 2, 2, 98, 1, 98, 1, 9, 65, 1, 4, 33, 1, 8, 75]; 
    [10, 2, 1, 51, 8, 51, 1, 4, 24, 1, 6, 8, 1, 7, 30, 1, 8, 12, 1, 9, 23, 2, 3, 7, 10, 7, 1, 5, 17, 1, 10, 35, 1, 2, 81]; 
    [10, 1, 2, 71, 2, 6, 42, 3, 42, 1, 9, 68, 1, 3, 31, 1, 7, 29, 1, 4, 63, 1, 5, 65, 1, 10, 70, 1, 8, 27, 2, 1, 93, 9, 93]; 
    [10, 1, 2, 28, 1, 6, 38, 1, 5, 51, 1, 8, 70, 1, 3, 33, 1, 9, 78, 1, 10, 45, 1, 4, 90, 1, 7, 54, 1, 1, 72]; 
    [10, 2, 1, 18, 9, 18, 1, 3, 90, 1, 5, 25, 1, 7, 92, 1, 9, 85, 1, 6, 35, 1, 8, 29, 1, 2, 81, 1, 10, 80, 1, 4, 59]; 
    [10, 1, 6, 67, 1, 3, 96, 1, 2, 38, 1, 5, 86, 1, 1, 97, 1, 4, 94, 1, 8, 86, 3, 7, 35, 8, 35, 5, 35, 1, 10, 82, 1, 9, 45]; 
    [10, 1, 3, 92, 2, 9, 51, 6, 51, 1, 5, 59, 1, 7, 52, 1, 6, 8, 1, 10, 70, 1, 2, 75, 1, 4, 54, 1, 8, 60, 1, 1, 33]; 
    [10, 1, 4, 98, 1, 8, 80, 1, 6, 78, 1, 1, 82, 1, 3, 7, 1, 10, 89, 1, 2, 69, 1, 5, 51, 1, 9, 79, 1, 7, 62];
};

%%30×10%%

dataArray = {
    [30, 10, 1.15]; 
    [10, 1, 5, 21, 1, 8, 26, 1, 10, 16, 1, 3, 34, 2, 4, 55, 8, 55, 1, 9, 52, 1, 6, 95, 1, 7, 71, 1, 2, 21, 1, 1, 53]; 
    [10, 1, 9, 77, 1, 6, 98, 2, 2, 42, 6, 42, 1, 8, 66, 1, 3, 31, 1, 4, 39, 2, 7, 77, 6, 77, 1, 10, 79, 1, 5, 55, 1, 1, 12]; 
    [10, 1, 3, 64, 2, 5, 92, 10, 92, 1, 4, 34, 1, 2, 19, 1, 9, 62, 1, 7, 54, 1, 8, 43, 1, 1, 83, 2, 10, 79, 4, 79, 1, 6, 37]; 
    [10, 1, 1, 93, 2, 9, 24, 3, 24, 1, 4, 69, 1, 8, 38, 1, 6, 77, 1, 3, 87, 1, 5, 60, 1, 7, 41, 1, 2, 87, 1, 10, 83]; 
    [10, 1, 10, 77, 1, 1, 44, 2, 5, 96, 1, 96, 1, 9, 79, 1, 7, 75, 2, 3, 98, 8, 98, 1, 6, 25, 1, 4, 17, 2, 8, 43, 9, 43, 1, 2, 49]; 
    [10, 2, 4, 76, 8, 76, 1, 3, 35, 1, 6, 28, 1, 1, 95, 1, 8, 95, 1, 5, 61, 1, 9, 35, 1, 2, 7, 1, 7, 9, 1, 10, 10]; 
    [10, 1, 2, 91, 1, 8, 27, 1, 9, 50, 1, 4, 16, 1, 5, 28, 1, 6, 59, 1, 7, 52, 1, 1, 46, 1, 3, 59, 1, 10, 43]; 
    [10, 1, 2, 45, 2, 8, 71, 3, 71, 1, 3, 39, 1, 1, 87, 1, 9, 14, 1, 7, 54, 1, 4, 41, 1, 10, 43, 1, 6, 9, 1, 5, 20]; 
    [10, 1, 3, 37, 2, 4, 26, 5, 26, 1, 5, 33, 1, 10, 42, 1, 1, 78, 1, 7, 89, 1, 8, 8, 1, 9, 66, 1, 2, 28, 1, 6, 33]; 
    [10, 1, 2, 74, 1, 1, 69, 2, 6, 84, 5, 84, 1, 4, 27, 1, 10, 81, 1, 8, 45, 1, 9, 69, 1, 3, 94, 1, 7, 78, 1, 5, 96]; 
    [10, 1, 6, 76, 1, 8, 32, 1, 7, 18, 1, 1, 20, 2, 4, 87, 8, 87, 1, 3, 17, 1, 10, 25, 1, 5, 24, 1, 2, 31, 1, 9, 81]; 
    [10, 2, 10, 97, 9, 97, 1, 9, 90, 1, 6, 28, 1, 8, 86, 1, 1, 58, 1, 2, 72, 1, 3, 23, 1, 7, 76, 1, 4, 99, 1, 5, 45]; 
    [10, 1, 10, 48, 1, 6, 27, 3, 7, 67, 4, 67, 9, 67, 2, 8, 62, 7, 62, 1, 5, 98, 1, 1, 42, 2, 2, 46, 1, 46, 1, 9, 27, 1, 4, 48, 1, 3, 17]; 
    [10, 2, 10, 80, 8, 80, 1, 4, 19, 1, 6, 28, 1, 2, 12, 1, 5, 94, 1, 7, 63, 2, 8, 98, 10, 98, 1, 9, 50, 1, 1, 80, 1, 3, 50]; 
    [10, 1, 3, 50, 2, 2, 41, 3, 41, 1, 5, 61, 1, 9, 79, 1, 6, 14, 1, 10, 72, 1, 8, 18, 1, 4, 55, 1, 7, 37, 2, 1, 75, 9, 75]; 
    [10, 1, 10, 22, 1, 6, 57, 1, 5, 75, 1, 3, 14, 1, 8, 65, 1, 4, 96, 1, 2, 71, 1, 1, 47, 1, 9, 79, 1, 7, 60]; 
    [10, 2, 4, 32, 9, 32, 1, 3, 69, 1, 5, 44, 1, 2, 31, 1, 10, 51, 1, 1, 33, 1, 7, 34, 1, 6, 58, 1, 8, 47, 1, 9, 58]; 
    [10, 1, 9, 66, 1, 8, 40, 1, 3, 17, 1, 1, 62, 1, 10, 38, 1, 6, 8, 1, 7, 15, 3, 4, 29, 8, 29, 5, 29, 1, 2, 44, 1, 5, 97]; 
    [10, 1, 4, 50, 2, 3, 58, 6, 58, 1, 7, 21, 1, 5, 63, 1, 8, 57, 1, 9, 32, 1, 6, 20, 1, 10, 87, 1, 1, 57, 1, 2, 39]; 
    [10, 1, 5, 20, 1, 7, 67, 1, 2, 85, 1, 3, 90, 1, 8, 70, 1, 1, 84, 1, 9, 30, 1, 6, 56, 1, 4, 61, 1, 10, 15]; 
    [10, 1, 7, 29, 1, 1, 82, 1, 5, 18, 1, 4, 38, 1, 8, 21, 1, 9, 50, 1, 2, 23, 1, 6, 84, 1, 3, 45, 1, 10, 41]; 
    [10, 1, 4, 54, 2, 10, 37, 8, 37, 1, 7, 62, 1, 6, 16, 2, 1, 52, 8, 52, 2, 9, 57, 8, 57, 1, 5, 54, 2, 3, 38, 9, 38, 2, 8, 74, 7, 74, 1, 2, 52]; 
    [10, 1, 5, 79, 1, 2, 61, 1, 9, 11, 1, 1, 81, 1, 8, 89, 1, 7, 89, 1, 6, 57, 2, 4, 68, 2, 68, 1, 10, 81, 1, 3, 30]; 
    [10, 1, 10, 24, 1, 2, 66, 1, 5, 32, 1, 4, 33, 1, 9, 8, 1, 3, 20, 1, 7, 84, 2, 1, 91, 2, 91, 1, 8, 55, 1, 6, 20]; 
    [10, 1, 4, 54, 1, 3, 64, 1, 7, 83, 1, 10, 40, 1, 8, 8, 1, 1, 7, 1, 5, 19, 1, 6, 56, 1, 2, 39, 1, 9, 7]; 
    [10, 1, 2, 6, 2, 5, 74, 10, 74, 2, 1, 63, 7, 63, 1, 3, 64, 1, 10, 15, 1, 7, 42, 1, 8, 98, 1, 9, 61, 1, 6, 40, 1, 4, 91]; 
    [10, 2, 2, 80, 4, 80, 1, 4, 75, 1, 1, 26, 1, 3, 87, 1, 10, 22, 1, 8, 39, 1, 9, 24, 1, 5, 75, 1, 7, 44, 1, 6, 6]; 
    [10, 1, 6, 8, 1, 4, 79, 1, 7, 61, 1, 2, 15, 1, 1, 12, 1, 8, 43, 2, 9, 26, 2, 26, 1, 10, 22, 1, 3, 20, 2, 5, 80, 8, 80]; 
    [10, 1, 2, 36, 1, 1, 63, 1, 8, 10, 1, 5, 22, 1, 4, 96, 1, 6, 40, 1, 10, 5, 1, 9, 18, 1, 7, 33, 1, 3, 62]; 
    [10, 1, 5, 8, 1, 9, 15, 1, 3, 64, 1, 4, 95, 1, 2, 96, 2, 7, 38, 2, 38, 1, 8, 18, 1, 10, 23, 1, 6, 64, 2, 1, 89, 3, 89];
};

dataArray = {
    [30, 10, 1.15]; 
    [10, 1, 7, 89, 1, 2, 58, 1, 5, 97, 1, 3, 44, 2, 9, 77, 8, 77, 1, 4, 5, 1, 1, 9, 1, 6, 58, 1, 10, 96, 1, 8, 84]; 
    [10, 1, 8, 31, 1, 3, 81, 2, 10, 73, 6, 73, 1, 5, 15, 1, 2, 87, 1, 6, 39, 2, 9, 57, 6, 57, 1, 1, 77, 1, 4, 85, 1, 7, 21]; 
    [10, 1, 3, 48, 2, 6, 71, 10, 71, 1, 1, 40, 1, 4, 70, 1, 2, 49, 1, 7, 22, 1, 5, 10, 1, 9, 34, 2, 8, 80, 4, 80, 1, 10, 82]; 
    [10, 1, 5, 11, 2, 7, 72, 3, 72, 1, 8, 62, 1, 1, 55, 1, 3, 17, 1, 6, 75, 1, 4, 7, 1, 2, 91, 1, 10, 35, 1, 9, 47]; 
    [10, 1, 1, 64, 1, 7, 71, 2, 5, 12, 1, 12, 1, 2, 90, 1, 3, 94, 2, 4, 75, 3, 75, 1, 10, 20, 1, 9, 15, 2, 6, 50, 9, 50, 1, 8, 67]; 
    [10, 2, 3, 29, 8, 29, 1, 7, 93, 1, 4, 68, 1, 6, 93, 1, 2, 57, 1, 9, 77, 1, 1, 52, 1, 10, 7, 1, 5, 58, 1, 8, 70]; 
    [10, 1, 5, 26, 1, 4, 27, 1, 2, 63, 1, 6, 6, 1, 7, 87, 1, 8, 56, 1, 9, 48, 1, 10, 36, 1, 1, 95, 1, 3, 82]; 
    [10, 1, 2, 8, 2, 8, 76, 3, 76, 1, 4, 76, 1, 5, 30, 1, 7, 84, 1, 10, 78, 1, 9, 41, 1, 1, 36, 1, 3, 36, 1, 6, 15]; 
    [10, 1, 4, 13, 2, 9, 29, 5, 29, 1, 1, 75, 1, 3, 81, 1, 2, 78, 1, 6, 88, 1, 5, 54, 1, 10, 40, 1, 8, 13, 1, 7, 82]; 
    [10, 1, 1, 52, 1, 3, 6, 2, 4, 6, 5, 6, 1, 6, 82, 1, 7, 64, 1, 10, 88, 1, 9, 54, 1, 5, 54, 1, 8, 32, 1, 2, 26]; 
    [10, 1, 9, 62, 1, 2, 35, 1, 5, 72, 1, 8, 69, 2, 1, 62, 8, 62, 1, 6, 32, 1, 10, 5, 1, 4, 61, 1, 3, 67, 1, 7, 93]; 
    [10, 2, 3, 78, 9, 78, 1, 4, 11, 1, 8, 82, 1, 5, 7, 1, 2, 72, 1, 9, 64, 1, 10, 90, 1, 1, 85, 1, 6, 88, 1, 7, 63]; 
    [10, 1, 8, 50, 1, 5, 28, 3, 4, 35, 9, 35, 3, 35, 2, 2, 66, 4, 66, 1, 3, 27, 2, 9, 49, 1, 49, 1, 10, 11, 1, 7, 88, 1, 6, 31, 2, 1, 44, 2, 44]; 
    [10, 1, 5, 62, 1, 6, 39, 1, 1, 76, 1, 3, 14, 1, 7, 56, 1, 4, 97, 2, 2, 7, 1, 7, 1, 8, 69, 1, 10, 66, 1, 9, 47]; 
    [10, 2, 7, 47, 10, 47, 1, 3, 41, 1, 1, 64, 1, 8, 58, 1, 10, 57, 1, 9, 93, 1, 4, 69, 1, 6, 53, 2, 2, 18, 4, 18, 1, 5, 79]; 
    [10, 1, 8, 76, 1, 10, 81, 1, 1, 76, 1, 7, 61, 1, 5, 77, 1, 9, 26, 1, 3, 74, 1, 6, 22, 1, 2, 58, 2, 4, 78, 2, 78]; 
    [10, 1, 7, 30, 1, 9, 72, 1, 4, 43, 1, 1, 65, 1, 2, 16, 1, 5, 92, 1, 6, 95, 1, 10, 29, 1, 3, 99, 1, 8, 64]; 
    [10, 1, 2, 35, 1, 4, 74, 1, 6, 16, 1, 5, 85, 1, 1, 7, 1, 3, 81, 2, 7, 86, 4, 86, 1, 9, 61, 1, 10, 35, 1, 8, 34]; 
    [10, 1, 2, 97, 2, 8, 43, 6, 43, 1, 5, 72, 1, 7, 88, 1, 6, 17, 1, 1, 43, 1, 9, 94, 1, 4, 64, 1, 10, 22, 1, 3, 42]; 
    [10, 1, 8, 99, 1, 3, 84, 1, 9, 99, 1, 6, 98, 1, 2, 20, 1, 7, 31, 1, 4, 74, 1, 1, 92, 1, 10, 23, 1, 5, 89]; 
    [10, 1, 9, 32, 1, 1, 6, 1, 5, 55, 1, 6, 19, 1, 10, 81, 1, 2, 81, 1, 8, 40, 1, 7, 9, 1, 4, 37, 1, 3, 40]; 
    [10, 1, 7, 15, 2, 3, 70, 8, 70, 1, 9, 25, 1, 2, 46, 2, 10, 65, 8, 65, 2, 5, 64, 8, 64, 1, 8, 21, 2, 1, 77, 9, 77, 2, 6, 65, 7, 65, 1, 4, 55]; 
    [10, 1, 9, 31, 1, 8, 84, 1, 6, 37, 1, 4, 24, 1, 3, 85, 1, 5, 89, 1, 10, 29, 2, 2, 44, 8, 44, 1, 1, 40, 1, 7, 83]; 
    [10, 1, 5, 80, 1, 1, 8, 1, 10, 41, 1, 6, 59, 1, 8, 56, 1, 4, 38, 3, 3, 30, 6, 30, 5, 30, 1, 9, 97, 1, 7, 77, 1, 2, 80]; 
    [10, 1, 10, 59, 1, 1, 91, 1, 4, 50, 1, 9, 80, 1, 2, 17, 1, 7, 40, 1, 3, 71, 1, 6, 56, 1, 5, 88, 2, 8, 7, 10, 7]; 
    [10, 2, 8, 36, 7, 36, 1, 4, 58, 1, 5, 54, 1, 6, 77, 1, 3, 8, 1, 7, 9, 1, 1, 45, 1, 10, 10, 2, 2, 29, 4, 29, 1, 9, 96]; 
    [10, 1, 1, 28, 1, 4, 92, 1, 3, 73, 1, 8, 27, 1, 9, 86, 1, 6, 87, 1, 10, 96, 1, 2, 98, 1, 7, 99, 1, 5, 70]; 
    [10, 1, 10, 32, 1, 2, 95, 1, 4, 85, 1, 7, 81, 2, 3, 41, 2, 41, 1, 9, 39, 1, 8, 92, 2, 1, 59, 8, 59, 1, 6, 56, 1, 5, 52]; 
    [10, 1, 5, 93, 1, 3, 12, 1, 6, 22, 1, 7, 27, 1, 9, 45, 1, 8, 69, 1, 4, 60, 1, 2, 7, 1, 1, 88, 1, 10, 49]; 
    [10, 1, 3, 61, 1, 6, 26, 1, 10, 71, 2, 9, 44, 7, 44, 1, 1, 21, 1, 7, 82, 1, 4, 68, 1, 8, 33, 2, 2, 84, 3, 84, 1, 5, 99]; 
};

dataArray = {
    [30, 10, 1.15];
    [10, 1, 3, 38, 1, 5, 75, 1, 10, 12, 1, 6, 97, 2, 1, 76, 8, 76, 1, 2, 29, 1, 9, 14, 1, 7, 66, 1, 8, 44, 1, 4, 12];
    [10, 1, 1, 43, 1, 6, 38, 2, 2, 80, 6, 80, 1, 4, 82, 1, 3, 85, 1, 5, 58, 2, 7, 87, 6, 87, 1, 9, 92, 1, 10, 89, 1, 8, 69];
    [10, 1, 7, 48, 2, 5, 8, 10, 8, 1, 9, 66, 1, 8, 7, 1, 3, 14, 1, 4, 41, 1, 6, 61, 1, 1, 43, 2, 2, 84, 4, 84, 1, 10, 5];
    [10, 1, 6, 19, 2, 4, 74, 3, 74, 1, 7, 41, 1, 5, 59, 1, 9, 43, 1, 3, 42, 1, 10, 73, 1, 8, 97, 1, 2, 8, 1, 1, 96];
    [10, 1, 4, 75, 1, 6, 5, 2, 3, 70, 1, 70, 1, 9, 42, 1, 8, 23, 2, 7, 55, 3, 55, 1, 2, 48, 1, 10, 38, 2, 5, 37, 6, 37, 2, 1, 7, 8, 7];
    [10, 2, 3, 72, 8, 72, 1, 8, 31, 1, 4, 95, 1, 1, 79, 1, 5, 25, 1, 2, 56, 1, 9, 9, 1, 10, 60, 1, 6, 73, 1, 7, 43];
    [10, 1, 10, 31, 1, 4, 78, 1, 7, 16, 1, 5, 94, 1, 8, 86, 1, 6, 21, 1, 1, 97, 1, 9, 53, 1, 2, 7, 1, 3, 64];
    [10, 1, 4, 86, 2, 3, 65, 10, 65, 1, 7, 59, 1, 9, 44, 1, 2, 33, 1, 8, 85, 1, 1, 61, 1, 6, 32, 1, 10, 63, 1, 5, 30];
    [10, 2, 5, 11, 10, 11, 1, 6, 61, 1, 10, 84, 1, 4, 16, 1, 8, 90, 1, 2, 30, 1, 1, 60, 1, 9, 93, 1, 3, 44, 1, 7, 45];
    [10, 1, 6, 11, 2, 3, 28, 10, 28, 1, 1, 32, 1, 8, 36, 1, 9, 31, 1, 5, 47, 1, 4, 20, 1, 7, 52, 1, 10, 35, 1, 2, 49];
    [10, 1, 6, 17, 1, 4, 34, 1, 7, 49, 2, 2, 84, 8, 84, 1, 1, 85, 1, 9, 20, 1, 8, 74, 1, 10, 68, 1, 5, 10, 1, 3, 77];
    [10, 2, 9, 71, 2, 71, 1, 6, 7, 1, 4, 29, 1, 2, 85, 1, 5, 76, 1, 7, 59, 1, 3, 17, 1, 1, 17, 1, 10, 13, 1, 8, 48];
    [10, 1, 2, 39, 2, 10, 16, 9, 16, 1, 5, 39, 1, 7, 87, 2, 8, 11, 7, 11, 1, 4, 32, 1, 3, 15, 2, 1, 19, 5, 19, 1, 6, 64, 1, 9, 43];
    [10, 2, 6, 33, 2, 33, 1, 9, 82, 1, 3, 92, 1, 2, 83, 1, 7, 32, 1, 4, 99, 1, 10, 99, 2, 5, 91, 1, 91, 1, 1, 8, 1, 8, 57];
    [10, 1, 8, 7, 2, 1, 48, 10, 48, 1, 10, 62, 1, 5, 88, 1, 7, 21, 1, 6, 39, 1, 9, 27, 1, 4, 91, 1, 2, 38, 2, 3, 69, 4, 69]; 
    [10, 1, 10, 64, 1, 9, 45, 1, 4, 24, 1, 8, 80, 1, 3, 67, 1, 5, 18, 1, 7, 38, 1, 1, 88, 1, 6, 80, 1, 2, 44]; 
    [10, 2, 3, 15, 2, 15, 1, 4, 72, 1, 5, 40, 1, 8, 21, 1, 9, 52, 1, 1, 51, 1, 10, 59, 1, 2, 24, 1, 7, 47, 1, 6, 43]; 
    [10, 1, 5, 77, 1, 8, 43, 1, 2, 40, 1, 3, 31, 1, 9, 76, 1, 7, 20, 1, 6, 88, 2, 4, 70, 8, 70, 1, 10, 5, 1, 1, 32]; 
    [10, 1, 3, 14, 2, 8, 58, 6, 58, 1, 10, 85, 1, 6, 64, 1, 2, 26, 1, 7, 94, 1, 1, 32, 1, 4, 49, 1, 9, 80, 1, 5, 47]; 
    [10, 1, 10, 23, 1, 2, 11, 1, 9, 34, 1, 5, 75, 1, 8, 79, 1, 4, 26, 1, 3, 96, 1, 1, 5, 1, 7, 9, 1, 6, 59]; 
    [10, 1, 1, 75, 1, 3, 20, 1, 9, 10, 1, 4, 66, 1, 7, 43, 1, 8, 37, 1, 2, 9, 1, 10, 83, 1, 5, 68, 1, 6, 52]; 
    [10, 1, 9, 54, 2, 2, 26, 8, 26, 1, 5, 79, 1, 8, 88, 2, 7, 84, 8, 84, 2, 1, 6, 8, 6, 1, 3, 54, 2, 10, 59, 9, 59, 2, 4, 28, 7, 28, 1, 6, 42]; 
    [10, 1, 5, 56, 1, 10, 29, 1, 4, 36, 1, 1, 40, 1, 7, 86, 1, 9, 68, 1, 3, 69, 2, 8, 23, 2, 23, 1, 6, 62, 1, 2, 16]; 
    [10, 1, 8, 53, 1, 2, 5, 1, 7, 17, 1, 10, 59, 1, 3, 59, 1, 9, 78, 1, 4, 64, 2, 1, 82, 2, 82, 1, 5, 13, 1, 6, 12]; 
    [10, 1, 10, 7, 1, 7, 62, 1, 8, 90, 1, 6, 83, 1, 2, 85, 1, 4, 69, 1, 1, 16, 1, 5, 81, 1, 3, 58, 1, 9, 66]; 
    [10, 1, 8, 24, 2, 3, 65, 10, 65, 2, 2, 69, 7, 69, 1, 6, 42, 1, 10, 82, 1, 7, 82, 1, 1, 83, 1, 4, 46, 1, 9, 72, 1, 5, 33]; 
    [10, 2, 2, 10, 4, 10, 1, 9, 27, 1, 8, 43, 1, 6, 20, 1, 5, 71, 1, 10, 65, 1, 3, 73, 1, 7, 99, 1, 1, 24, 1, 4, 64]; 
    [10, 1, 10, 35, 1, 4, 92, 1, 1, 38, 1, 6, 35, 1, 8, 30, 1, 9, 45, 2, 3, 8, 2, 8, 1, 5, 82, 1, 2, 34, 2, 7, 21, 8, 21]; 
    [10, 1, 6, 23, 1, 8, 84, 1, 10, 7, 1, 5, 85, 1, 9, 60, 1, 2, 15, 1, 3, 52, 1, 7, 94, 1, 4, 83, 1, 1, 6]; 
    [10, 1, 3, 70, 1, 7, 29, 1, 9, 27, 1, 10, 80, 1, 5, 6, 2, 8, 39, 7, 39, 1, 2, 79, 1, 1, 28, 1, 4, 66, 1, 6, 66]; 
};

dataArray = {
    [30, 10, 1.15]; 
    [10, 1, 3, 51, 1, 8, 59, 1, 2, 35, 1, 6, 73, 2, 10, 65, 8, 65, 1, 1, 27, 1, 7, 13, 1, 4, 81, 1, 9, 32, 1, 5, 74]; 
    [10, 1, 5, 64, 1, 8, 33, 2, 6, 75, 9, 75, 1, 3, 33, 1, 9, 10, 2, 1, 28, 10, 28, 1, 4, 38, 1, 7, 53, 1, 10, 49, 1, 2, 55]; 
    [10, 1, 7, 83, 2, 2, 23, 3, 23, 1, 3, 72, 1, 4, 7, 1, 10, 72, 1, 1, 6, 1, 5, 39, 2, 6, 52, 10, 52, 1, 9, 90, 1, 8, 21]; 
    [10, 2, 4, 82, 2, 82, 1, 2, 23, 1, 3, 93, 1, 5, 78, 1, 7, 88, 1, 8, 53, 1, 10, 28, 1, 9, 65, 1, 6, 21, 1, 1, 61]; 
    [10, 1, 5, 41, 2, 7, 12, 3, 12, 1, 10, 12, 1, 4, 77, 2, 2, 70, 5, 70, 1, 8, 24, 1, 1, 81, 1, 6, 73, 2, 3, 62, 9, 62, 1, 9, 6]; 
    [10, 2, 5, 98, 8, 98, 1, 4, 28, 1, 7, 42, 1, 10, 72, 1, 1, 15, 1, 9, 15, 1, 6, 94, 1, 3, 33, 1, 2, 51, 1, 8, 99]; 
    [10, 1, 1, 32, 1, 9, 22, 1, 10, 96, 1, 5, 15, 1, 7, 78, 1, 4, 31, 1, 6, 7, 1, 2, 94, 1, 3, 23, 1, 8, 86]; 
    [10, 1, 8, 93, 2, 3, 97, 10, 97, 1, 4, 43, 1, 6, 73, 1, 1, 24, 1, 9, 68, 1, 10, 88, 1, 2, 42, 1, 5, 35, 1, 7, 72]; 
    [10, 2, 3, 14, 10, 14, 1, 1, 44, 1, 9, 13, 1, 6, 67, 1, 2, 63, 1, 4, 49, 1, 8, 5, 1, 5, 17, 1, 7, 85, 1, 10, 66]; 
    [10, 1, 8, 82, 2, 10, 15, 5, 15, 1, 4, 72, 1, 5, 26, 1, 1, 8, 1, 2, 68, 1, 7, 21, 1, 9, 45, 1, 3, 99, 1, 6, 27]; 
    [10, 1, 5, 93, 1, 7, 23, 1, 1, 51, 2, 9, 54, 8, 54, 1, 4, 49, 1, 2, 96, 1, 3, 56, 1, 10, 36, 1, 6, 53, 2, 8, 52, 9, 52]; 
    [10, 1, 9, 60, 1, 1, 14, 1, 5, 70, 1, 10, 55, 1, 2, 23, 1, 6, 83, 1, 4, 38, 1, 3, 24, 1, 8, 37, 1, 7, 48]; 
    [10, 1, 1, 62, 3, 8, 15, 4, 15, 9, 15, 2, 9, 69, 7, 69, 1, 10, 23, 1, 2, 82, 2, 7, 26, 1, 26, 1, 5, 45, 1, 6, 33, 1, 4, 12, 2, 3, 37, 8, 37]; 
    [10, 1, 7, 72, 1, 2, 9, 1, 8, 15, 1, 6, 28, 1, 9, 92, 2, 10, 12, 1, 12, 1, 1, 59, 1, 4, 64, 1, 5, 87, 2, 3, 73, 10, 73]; 
    [10, 1, 1, 50, 1, 2, 14, 1, 8, 90, 1, 6, 46, 1, 4, 71, 1, 5, 48, 1, 3, 80, 2, 10, 61, 4, 61, 1, 9, 24, 1, 7, 44]; 
    [10, 1, 1, 22, 1, 10, 94, 1, 6, 16, 1, 4, 73, 1, 3, 54, 1, 9, 54, 1, 5, 46, 1, 2, 97, 2, 7, 61, 2, 61, 1, 8, 75]; 
    [10, 1, 10, 55, 1, 4, 67, 1, 7, 77, 1, 5, 30, 1, 8, 6, 1, 2, 32, 1, 9, 47, 1, 6, 93, 1, 3, 6, 1, 1, 40]; 
    [10, 1, 2, 30, 1, 4, 98, 1, 8, 79, 1, 1, 22, 1, 7, 79, 2, 3, 7, 4, 7, 1, 9, 36, 1, 10, 36, 1, 6, 9, 1, 5, 92]; 
    [10, 2, 9, 37, 6, 37, 1, 8, 72, 1, 3, 52, 1, 5, 31, 1, 2, 82, 1, 10, 54, 1, 6, 7, 1, 7, 82, 1, 4, 73, 1, 1, 49]; 
    [10, 1, 2, 73, 1, 4, 83, 1, 8, 45, 1, 3, 76, 1, 5, 43, 1, 10, 29, 1, 1, 35, 1, 6, 92, 1, 9, 39, 1, 7, 28]; 
    [10, 1, 3, 58, 1, 1, 26, 1, 2, 48, 1, 9, 52, 1, 8, 34, 1, 7, 96, 1, 6, 70, 1, 5, 98, 1, 4, 80, 1, 10, 94]; 
    [10, 2, 2, 70, 8, 70, 1, 9, 23, 1, 6, 26, 2, 5, 14, 8, 14, 2, 7, 90, 8, 90, 1, 3, 93, 2, 4, 21, 9, 21, 2, 1, 42, 7, 42, 1, 8, 18, 1, 10, 36]; 
    [10, 1, 5, 28, 1, 7, 76, 1, 8, 25, 1, 1, 17, 1, 2, 84, 1, 3, 67, 2, 9, 87, 2, 87, 1, 4, 43, 1, 10, 88, 1, 6, 84]; 
    [10, 1, 8, 30, 1, 4, 91, 1, 9, 52, 1, 5, 80, 1, 1, 21, 1, 6, 8, 2, 10, 37, 2, 37, 1, 3, 15, 1, 7, 12, 1, 2, 92]; 
    [10, 1, 2, 28, 1, 5, 7, 1, 8, 46, 1, 7, 92, 1, 3, 77, 1, 4, 15, 1, 10, 69, 1, 9, 54, 1, 1, 47, 1, 6, 39]; 
    [10, 2, 10, 50, 5, 50, 1, 6, 44, 1, 3, 64, 1, 9, 38, 1, 5, 93, 1, 7, 33, 1, 8, 75, 1, 1, 41, 2, 2, 24, 7, 24, 1, 4, 5]; 
    [10, 1, 8, 94, 1, 1, 17, 1, 7, 87, 1, 3, 21, 1, 9, 92, 1, 10, 28, 1, 2, 61, 1, 5, 63, 1, 4, 34, 1, 6, 77]; 
    [10, 1, 4, 72, 1, 9, 98, 1, 10, 5, 1, 5, 28, 2, 3, 9, 2, 9, 1, 6, 95, 1, 7, 64, 1, 2, 43, 2, 1, 50, 4, 50, 1, 8, 96]; 
    [10, 1, 1, 85, 1, 3, 85, 1, 9, 39, 1, 2, 98, 1, 8, 24, 1, 4, 71, 1, 6, 60, 1, 5, 55, 1, 10, 22, 1, 7, 35]; 
    [10, 1, 4, 78, 1, 7, 49, 1, 3, 46, 2, 2, 11, 1, 11, 1, 1, 90, 1, 6, 20, 1, 10, 34, 1, 8, 6, 2, 5, 70, 4, 70, 1, 9, 74]; 
};

dataArray = {
    [30, 10, 1.15];
    [10, 1, 1, 66, 1, 3, 84, 1, 4, 26, 1, 8, 29, 2, 10, 94, 8, 94, 1, 7, 98, 1, 9, 7, 1, 6, 98, 1, 2, 45, 1, 5, 43];
    [10, 1, 4, 32, 1, 1, 97, 2, 7, 55, 6, 55, 1, 3, 88, 1, 9, 93, 1, 10, 88, 2, 2, 20, 6, 20, 1, 5, 50, 1, 8, 17, 1, 6, 5];
    [10, 1, 5, 43, 2, 4, 68, 10, 68, 1, 9, 47, 1, 10, 68, 1, 2, 57, 1, 7, 20, 1, 6, 81, 1, 3, 60, 2, 8, 94, 4, 94, 1, 1, 62];
    [10, 1, 2, 57, 2, 6, 40, 3, 40, 1, 1, 78, 1, 7, 9, 1, 3, 49, 1, 10, 17, 1, 4, 32, 1, 5, 30, 1, 9, 87, 1, 8, 77];
    [10, 1, 1, 52, 1, 5, 30, 2, 4, 48, 1, 48, 1, 6, 48, 1, 2, 26, 2, 10, 17, 3, 17, 1, 7, 93, 1, 9, 97, 2, 8, 49, 6, 49, 2, 3, 89, 8, 89];
    [10, 2, 8, 95, 3, 95, 1, 1, 33, 1, 2, 5, 1, 7, 17, 1, 6, 70, 1, 4, 57, 1, 5, 34, 1, 3, 61, 1, 9, 62, 1, 10, 39];
    [10, 1, 8, 97, 1, 6, 92, 1, 2, 31, 1, 9, 5, 1, 3, 79, 1, 5, 5, 1, 4, 67, 1, 1, 5, 1, 10, 78, 1, 7, 60];
    [10, 2, 3, 79, 1, 79, 1, 5, 6, 1, 8, 20, 1, 9, 45, 1, 7, 34, 1, 4, 24, 1, 10, 26, 1, 6, 68, 1, 2, 16, 1, 1, 46];
    [10, 2, 8, 58, 10, 58, 1, 10, 50, 1, 3, 19, 1, 9, 93, 1, 7, 49, 1, 4, 25, 1, 6, 85, 1, 5, 50, 1, 1, 93, 1, 2, 26];
    [10, 1, 10, 81, 2, 7, 71, 10, 71, 1, 6, 7, 1, 2, 39, 1, 3, 16, 1, 9, 42, 1, 1, 71, 1, 5, 84, 1, 4, 56, 1, 8, 99];
    [10, 1, 9, 9, 1, 1, 86, 1, 10, 6, 2, 4, 71, 8, 71, 1, 7, 97, 1, 6, 85, 1, 5, 16, 1, 3, 42, 1, 8, 81, 1, 2, 81];
    [10, 2, 5, 72, 2, 72, 1, 4, 24, 1, 1, 30, 1, 9, 56, 1, 3, 43, 1, 2, 61, 1, 8, 82, 1, 7, 40, 1, 6, 59, 1, 10, 43];
    [10, 1, 10, 43, 2, 2, 13, 9, 13, 1, 7, 70, 1, 8, 93, 2, 1, 95, 7, 95, 1, 9, 12, 1, 5, 15, 2, 3, 78, 1, 78, 1, 6, 97, 1, 4, 14];
    [10, 1, 1, 14, 2, 7, 26, 8, 26, 1, 2, 71, 1, 4, 46, 1, 9, 80, 1, 6, 31, 1, 5, 37, 2, 10, 27, 1, 27, 1, 8, 92, 1, 3, 67];
    [10, 1, 3, 12, 2, 1, 43, 10, 43, 1, 6, 96, 1, 7, 7, 1, 4, 45, 1, 8, 20, 1, 2, 13, 1, 10, 29, 1, 5, 60, 2, 9, 33, 4, 33];
    [10, 1, 2, 78, 1, 6, 50, 1, 7, 84, 1, 1, 42, 1, 9, 84, 1, 5, 30, 1, 10, 76, 1, 3, 57, 1, 8, 87, 1, 4, 59];
    [10, 2, 5, 49, 2, 49, 1, 8, 50, 1, 2, 15, 1, 9, 13, 1, 1, 93, 1, 7, 50, 1, 10, 32, 1, 6, 59, 1, 4, 10, 1, 3, 35];
    [10, 1, 2, 25, 1, 1, 47, 1, 8, 60, 1, 9, 33, 1, 5, 53, 1, 6, 37, 1, 10, 73, 2, 3, 22, 4, 22, 1, 4, 87, 1, 7, 79];
    [10, 1, 1, 84, 1, 7, 83, 2, 2, 71, 6, 71, 1, 6, 68, 1, 10, 89, 1, 9, 11, 1, 4, 60, 1, 5, 50, 1, 3, 33, 1, 8, 97];
    [10, 1, 2, 14, 1, 1, 38, 1, 7, 88, 1, 6, 5, 1, 5, 77, 1, 8, 92, 1, 9, 24, 1, 3, 73, 1, 10, 52, 1, 4, 71];
    [10, 1, 8, 62, 1, 10, 19, 1, 7, 38, 1, 4, 15, 1, 9, 64, 1, 3, 64, 1, 5, 8, 1, 2, 61, 1, 1, 19, 1, 6, 33];
    [10, 1, 3, 33, 1, 6, 46, 2, 5, 74, 8, 74, 1, 1, 56, 1, 7, 84, 2, 10, 83, 8, 83, 2, 9, 19, 8, 19, 1, 8, 8, 2, 4, 32, 9, 32, 2, 2, 97, 7, 97];
    [10, 1, 5, 50, 1, 4, 71, 1, 7, 50, 1, 3, 97, 1, 10, 8, 1, 1, 17, 1, 8, 19, 1, 9, 92, 2, 6, 54, 2, 54, 1, 2, 52];
    [10, 1, 9, 32, 1, 2, 79, 1, 4, 97, 1, 6, 38, 1, 10, 49, 1, 5, 76, 1, 7, 76, 1, 1, 56, 2, 3, 78, 2, 78, 1, 8, 54];
    [10, 1, 6, 13, 1, 4, 5, 1, 3, 25, 1, 1, 86, 1, 2, 95, 1, 10, 28, 1, 7, 78, 1, 9, 24, 1, 8, 10, 1, 5, 39];
    [10, 1, 8, 48, 1, 3, 59, 2, 1, 20, 10, 20, 2, 10, 7, 7, 7, 1, 6, 31, 1, 7, 97, 1, 2, 89, 1, 5, 32, 1, 4, 25, 1, 9, 41];
    [10, 1, 6, 87, 2, 1, 18, 4, 18, 1, 10, 48, 1, 3, 43, 1, 2, 30, 1, 7, 97, 1, 8, 47, 1, 9, 65, 1, 4, 69, 1, 5, 27];
    [10, 1, 7, 71, 1, 6, 20, 1, 9, 20, 1, 2, 78, 1, 4, 39, 1, 1, 17, 1, 8, 50, 2, 3, 44, 2, 44, 1, 10, 42, 1, 5, 38];
    [10, 2, 1, 50, 8, 50, 1, 10, 42, 1, 4, 72, 1, 6, 7, 1, 2, 77, 1, 8, 58, 1, 5, 78, 1, 3, 89, 1, 7, 70, 1, 9, 36];
    [10, 1, 4, 32, 1, 10, 95, 1, 3, 13, 1, 1, 73, 1, 7, 97, 1, 9, 24, 2, 5, 49, 7, 49, 1, 6, 57, 1, 2, 68, 1, 8, 94];
};

%% 15×15 %%

dataArray = {
    [15, 15, 1.15]; 
    [15, 1, 5, 21, 1, 4, 55, 1, 7, 71, 1, 15, 98, 2, 11, 12, 13, 12, 1, 3, 34, 1, 10, 16, 1, 2, 21, 1, 1, 53, 1, 8, 26, 1, 9, 52, 1, 6, 95, 2, 13, 31, 6, 31, 1, 12, 42, 1, 14, 39]; 
    [15, 1, 12, 54, 2, 5, 83, 6, 83, 1, 2, 77, 1, 8, 64, 1, 9, 34, 1, 15, 79, 2, 13, 43, 10, 43, 1, 1, 55, 1, 4, 77, 1, 7, 19, 1, 10, 37, 1, 6, 79, 1, 11, 92, 2, 14, 62, 4, 62, 1, 3, 66]; 
    [15, 1, 10, 83, 2, 6, 77, 3, 77, 1, 3, 87, 1, 8, 38, 1, 5, 60, 1, 13, 98, 1, 1, 93, 1, 14, 17, 1, 7, 41, 1, 11, 44, 1, 4, 69, 1, 12, 49, 2, 9, 24, 11, 24, 1, 2, 87, 1, 15, 25]; 
    [15, 2, 6, 77, 3, 77, 1, 1, 96, 1, 10, 28, 2, 7, 7, 1, 7, 2, 5, 95, 8, 95, 2, 14, 35, 13, 35, 1, 8, 35, 1, 9, 76, 1, 12, 9, 1, 13, 95, 1, 3, 43, 1, 2, 75, 1, 11, 61, 1, 15, 10, 1, 4, 79]; 
    [15, 1, 11, 87, 1, 5, 28, 1, 9, 50, 1, 3, 59, 1, 1, 46, 1, 12, 45, 1, 15, 9, 1, 10, 43, 1, 7, 52, 1, 8, 27, 1, 2, 91, 2, 14, 41, 3, 41, 1, 4, 16, 1, 6, 59, 1, 13, 39]; 
    [15, 1, 1, 20, 1, 3, 71, 1, 5, 78, 1, 14, 66, 1, 4, 14, 1, 13, 8, 2, 15, 42, 10, 42, 1, 7, 28, 1, 2, 54, 1, 10, 33, 1, 12, 89, 1, 9, 26, 1, 8, 37, 1, 11, 33, 1, 6, 43]; 
    [15, 1, 9, 69, 1, 5, 96, 2, 13, 17, 10, 17, 1, 1, 69, 1, 8, 45, 1, 12, 31, 1, 7, 78, 1, 11, 20, 1, 4, 27, 1, 14, 87, 1, 2, 74, 1, 6, 84, 1, 15, 76, 1, 3, 94, 2, 10, 81, 8, 81]; 
    [15, 1, 5, 58, 1, 14, 90, 1, 12, 76, 1, 4, 81, 1, 8, 23, 2, 10, 28, 9, 28, 1, 2, 18, 1, 3, 32, 1, 13, 86, 1, 9, 99, 1, 15, 97, 1, 1, 24, 1, 11, 45, 1, 7, 72, 1, 6, 25]; 
    [15, 1, 6, 27, 1, 2, 46, 3, 7, 67, 9, 67, 4, 67, 1, 9, 27, 2, 14, 19, 7, 19, 1, 11, 80, 1, 3, 17, 2, 4, 48, 11, 48, 1, 8, 62, 1, 12, 12, 1, 15, 28, 2, 5, 98, 8, 98, 1, 1, 42, 1, 10, 48, 1, 13, 50]; 
    [15, 1, 12, 37, 1, 6, 80, 2, 5, 75, 10, 75, 1, 9, 55, 1, 8, 50, 1, 1, 94, 1, 10, 14, 2, 7, 41, 13, 41, 1, 15, 72, 1, 4, 50, 1, 11, 61, 1, 14, 79, 1, 3, 98, 1, 13, 18, 1, 2, 63]; 
    [15, 2, 8, 65, 9, 65, 1, 4, 96, 1, 1, 47, 1, 5, 75, 1, 13, 69, 1, 15, 58, 1, 11, 33, 1, 2, 71, 1, 10, 22, 1, 14, 32, 1, 6, 57, 2, 9, 79, 14, 79, 1, 3, 14, 1, 12, 31, 1, 7, 60]; 
    [15, 1, 2, 34, 1, 3, 47, 1, 4, 58, 1, 6, 51, 1, 5, 62, 1, 7, 44, 1, 10, 8, 1, 8, 17, 1, 11, 97, 1, 9, 29, 1, 12, 15, 1, 14, 66, 1, 13, 40, 3, 1, 44, 3, 44, 5, 44, 1, 15, 38]; 
    [15, 1, 4, 50, 1, 8, 57, 2, 14, 61, 11, 61, 1, 6, 20, 1, 12, 85, 1, 13, 90, 1, 3, 58, 1, 5, 63, 1, 11, 84, 1, 2, 39, 1, 10, 87, 1, 7, 21, 1, 15, 56, 1, 9, 32, 1, 1, 57]; 
    [15, 1, 10, 84, 1, 8, 45, 1, 6, 15, 1, 15, 41, 1, 11, 18, 1, 5, 82, 1, 12, 29, 1, 3, 70, 1, 2, 67, 1, 4, 30, 1, 14, 50, 1, 7, 23, 1, 1, 20, 1, 13, 21, 1, 9, 38]; 
    [15, 1, 10, 37, 1, 11, 81, 2, 12, 61, 13, 61, 1, 15, 57, 1, 9, 57, 2, 1, 52, 3, 52, 2, 8, 74, 13, 74, 1, 7, 62, 2, 13, 30, 9, 30, 2, 2, 52, 7, 52, 1, 3, 38, 1, 14, 68, 1, 5, 54, 1, 4, 54, 1, 6, 16];
};

dataArray = {
    [15, 15, 1.15]; 
    [15, 1, 6, 19, 1, 7, 64, 1, 12, 73, 1, 10, 13, 2, 3, 84, 13, 84, 1, 15, 88, 1, 4, 85, 1, 11, 41, 1, 13, 53, 1, 14, 80, 1, 2, 66, 1, 8, 46, 2, 9, 59, 6, 59, 1, 5, 25, 1, 1, 62]; 
    [15, 1, 2, 67, 2, 4, 74, 6, 74, 1, 8, 41, 1, 3, 57, 1, 15, 52, 1, 1, 14, 2, 10, 64, 13, 64, 1, 9, 84, 1, 7, 78, 1, 6, 47, 1, 14, 28, 1, 5, 84, 2, 11, 63, 5, 63, 1, 13, 26, 1, 12, 46]; 
    [15, 2, 7, 97, 3, 97, 1, 9, 95, 1, 1, 64, 1, 10, 38, 1, 11, 59, 1, 13, 95, 1, 3, 17, 1, 12, 65, 1, 14, 93, 1, 4, 10, 1, 6, 73, 2, 2, 11, 11, 11, 1, 5, 85, 1, 15, 46, 2, 8, 67, 3, 67]; 
    [15, 1, 11, 23, 1, 13, 49, 2, 4, 32, 1, 32, 2, 5, 66, 8, 66, 2, 3, 43, 13, 43, 1, 1, 60, 1, 9, 41, 1, 8, 61, 1, 14, 70, 1, 10, 49, 1, 12, 17, 1, 7, 90, 1, 2, 85, 1, 15, 99, 1, 6, 85]; 
    [15, 1, 10, 98, 1, 9, 57, 1, 4, 73, 1, 7, 9, 1, 1, 73, 1, 8, 7, 1, 2, 98, 1, 5, 13, 1, 14, 41, 1, 6, 40, 2, 12, 85, 3, 85, 1, 11, 37, 1, 3, 68, 1, 15, 79, 1, 13, 17]; 
    [15, 1, 12, 66, 1, 8, 53, 1, 6, 86, 1, 7, 40, 1, 1, 14, 2, 4, 19, 10, 19, 1, 14, 96, 1, 5, 95, 1, 3, 54, 1, 11, 84, 1, 13, 97, 1, 9, 16, 1, 15, 52, 1, 2, 76, 1, 10, 87]; 
    [15, 1, 5, 77, 2, 3, 55, 10, 55, 1, 10, 42, 1, 6, 74, 1, 15, 91, 1, 14, 33, 1, 11, 16, 1, 13, 54, 1, 1, 18, 1, 4, 87, 1, 8, 60, 1, 9, 13, 1, 7, 33, 2, 2, 33, 8, 33, 1, 12, 61]; 
    [15, 1, 7, 41, 1, 6, 39, 1, 12, 82, 1, 10, 64, 2, 15, 47, 9, 47, 1, 11, 28, 1, 8, 78, 1, 14, 49, 1, 2, 79, 1, 5, 58, 1, 3, 92, 1, 4, 79, 1, 13, 6, 1, 1, 69, 1, 9, 76]; 
    [15, 1, 12, 21, 3, 6, 42, 9, 42, 4, 42, 1, 10, 91, 2, 3, 28, 7, 28, 1, 1, 52, 1, 7, 88, 2, 13, 76, 11, 76, 1, 14, 86, 1, 11, 23, 1, 2, 35, 2, 8, 52, 2, 52, 1, 5, 91, 1, 4, 47, 1, 15, 82, 1, 9, 24];
    [15, 1, 12, 42, 2, 2, 93, 1, 93, 1, 4, 95, 1, 14, 45, 1, 10, 28, 2, 15, 77, 13, 77, 1, 1, 84, 1, 11, 8, 1, 8, 45, 1, 5, 70, 1, 6, 37, 1, 7, 86, 1, 13, 64, 2, 9, 67, 11, 67, 1, 3, 38]; 
    [15, 1, 5, 97, 1, 13, 81, 1, 2, 58, 1, 8, 84, 1, 6, 58, 1, 1, 9, 1, 12, 87, 1, 4, 5, 2, 3, 44, 14, 44, 1, 14, 85, 1, 7, 89, 1, 11, 77, 1, 10, 96, 1, 15, 39, 1, 9, 77]; 
    [15, 1, 13, 80, 1, 2, 21, 1, 11, 10, 1, 6, 73, 1, 9, 70, 1, 7, 49, 1, 3, 31, 1, 14, 34, 1, 5, 40, 1, 12, 22, 3, 1, 15, 3, 15, 5, 15, 1, 15, 82, 1, 4, 57, 1, 10, 71, 2, 8, 48, 11, 48]; 
    [15, 1, 3, 17, 1, 8, 62, 1, 6, 75, 1, 10, 35, 1, 2, 91, 1, 15, 50, 1, 4, 7, 1, 11, 64, 1, 14, 75, 1, 13, 94, 1, 1, 55, 1, 7, 72, 1, 9, 47, 1, 5, 11, 1, 12, 90]; 
    [15, 1, 12, 93, 1, 7, 57, 1, 2, 71, 1, 13, 70, 1, 10, 93, 1, 6, 20, 1, 4, 15, 1, 14, 77, 1, 11, 58, 1, 1, 12, 1, 3, 67, 1, 9, 68, 1, 15, 7, 1, 8, 29, 2, 5, 52, 13, 52]; 
    [15, 1, 14, 76, 1, 4, 27, 2, 5, 26, 3, 26, 2, 10, 36, 13, 36, 1, 12, 8, 2, 11, 36, 9, 36, 2, 1, 95, 7, 95, 1, 9, 48, 1, 3, 82, 1, 7, 87, 1, 6, 6, 1, 2, 63, 1, 8, 56, 1, 13, 36, 1, 15, 15];
};

dataArray = {
    [15, 15, 1.15]; 
    [15, 1, 2, 26, 1, 13, 67, 1, 1, 72, 1, 7, 74, 2, 15, 13, 13, 13, 1, 9, 43, 1, 5, 30, 1, 4, 19, 1, 11, 23, 1, 12, 85, 1, 6, 98, 1, 14, 43, 2, 3, 38, 6, 38, 1, 8, 8, 1, 10, 75]; 
    [15, 1, 15, 42, 2, 1, 39, 6, 39, 1, 5, 55, 1, 13, 46, 1, 2, 19, 1, 9, 93, 2, 10, 80, 13, 80, 1, 6, 26, 1, 11, 7, 1, 7, 50, 1, 12, 57, 1, 4, 73, 2, 3, 9, 5, 9, 1, 8, 61, 1, 14, 72]; 
    [15, 2, 4, 96, 7, 96, 1, 5, 99, 1, 13, 34, 1, 7, 60, 1, 8, 43, 1, 15, 7, 1, 14, 12, 1, 9, 11, 1, 12, 70, 1, 11, 43, 1, 1, 91, 2, 2, 68, 8, 68, 1, 10, 11, 1, 6, 68, 2, 3, 72, 5, 72]; 
    [15, 1, 15, 63, 1, 12, 45, 1, 5, 49, 2, 2, 74, 9, 74, 1, 9, 27, 2, 1, 30, 13, 30, 1, 10, 72, 1, 8, 9, 1, 13, 99, 1, 14, 60, 1, 6, 69, 1, 7, 69, 1, 3, 84, 1, 4, 40, 1, 11, 59]; 
    [15, 1, 3, 91, 1, 1, 75, 1, 10, 98, 1, 4, 17, 1, 11, 72, 1, 14, 31, 1, 12, 9, 1, 15, 98, 1, 8, 50, 1, 6, 37, 1, 5, 8, 2, 9, 65, 3, 65, 1, 2, 90, 1, 13, 91, 1, 7, 71]; 
    [15, 1, 12, 35, 1, 7, 80, 1, 5, 39, 1, 4, 62, 1, 15, 74, 1, 6, 72, 2, 11, 35, 10, 35, 1, 10, 25, 1, 2, 49, 1, 9, 52, 1, 8, 63, 1, 3, 90, 1, 14, 21, 1, 13, 47, 1, 1, 38]; 
    [15, 1, 15, 19, 1, 8, 57, 2, 11, 24, 10, 24, 1, 14, 91, 1, 4, 50, 1, 1, 5, 1, 12, 49, 1, 13, 18, 1, 10, 58, 1, 6, 24, 1, 9, 52, 1, 2, 88, 1, 3, 68, 1, 7, 20, 2, 5, 53, 8, 53]; 
    [15, 1, 8, 77, 1, 15, 72, 1, 6, 35, 1, 12, 90, 1, 5, 68, 2, 7, 18, 9, 18, 1, 4, 9, 1, 1, 33, 1, 9, 60, 1, 11, 18, 1, 13, 10, 1, 14, 60, 1, 2, 38, 1, 3, 99, 1, 10, 15]; 
    [15, 1, 14, 6, 1, 9, 86, 3, 3, 40, 9, 40, 4, 40, 1, 10, 79, 2, 13, 92, 7, 92, 1, 12, 23, 1, 6, 89, 2, 11, 95, 15, 95, 1, 7, 91, 1, 8, 72, 2, 1, 80, 7, 80, 1, 2, 60, 1, 4, 56, 1, 5, 51, 1, 15, 23];
    [15, 1, 2, 46, 1, 7, 28, 2, 6, 34, 1, 34, 1, 12, 77, 1, 5, 47, 1, 1, 10, 2, 15, 49, 13, 49, 1, 9, 77, 1, 11, 48, 1, 8, 24, 1, 13, 8, 1, 3, 72, 1, 14, 55, 1, 10, 29, 2, 4, 40, 9, 40]; 
    [15, 1, 11, 22, 1, 5, 89, 1, 13, 79, 1, 1, 7, 1, 10, 15, 1, 2, 6, 1, 12, 30, 1, 7, 38, 1, 6, 11, 1, 9, 52, 2, 4, 20, 14, 20, 1, 8, 5, 1, 15, 9, 1, 3, 20, 1, 14, 28]; 
    [15, 1, 6, 73, 1, 15, 56, 1, 3, 37, 1, 4, 22, 1, 14, 25, 1, 7, 58, 1, 2, 8, 1, 8, 93, 1, 5, 88, 1, 9, 17, 1, 13, 9, 1, 12, 69, 3, 11, 71, 3, 71, 5, 71, 1, 10, 85, 1, 1, 55]; 
    [15, 1, 10, 85, 2, 15, 58, 11, 58, 1, 4, 46, 1, 9, 64, 1, 3, 49, 1, 7, 37, 1, 2, 33, 1, 5, 30, 1, 6, 26, 1, 1, 20, 1, 14, 74, 1, 11, 77, 1, 13, 99, 1, 12, 56, 1, 8, 21]; 
    [15, 1, 11, 17, 1, 4, 24, 1, 5, 89, 1, 6, 15, 1, 12, 60, 1, 2, 42, 1, 9, 98, 1, 3, 64, 1, 14, 92, 1, 1, 63, 1, 8, 52, 1, 13, 54, 1, 7, 75, 1, 15, 23, 1, 10, 38]; 
    [15, 1, 4, 8, 2, 6, 17, 13, 17, 1, 12, 56, 1, 8, 93, 2, 15, 26, 3, 26, 2, 10, 62, 13, 62, 1, 7, 7, 2, 11, 88, 9, 88, 2, 1, 97, 7, 97, 1, 2, 7, 1, 3, 43, 1, 9, 29, 1, 14, 35, 1, 13, 87, 1, 5, 57];
};

dataArray = {
    [15, 15, 1.15]; 
    [15, 1, 11, 51, 1, 15, 43, 1, 8, 80, 1, 5, 18, 2, 7, 38, 13, 38, 1, 4, 24, 1, 3, 67, 1, 13, 15, 1, 12, 24, 1, 14, 72, 1, 9, 45, 1, 6, 80, 2, 10, 64, 6, 64, 1, 2, 44, 1, 1, 88]; 
    [15, 1, 7, 40, 2, 10, 88, 6, 88, 1, 11, 77, 1, 6, 59, 1, 12, 20, 1, 4, 52, 2, 9, 70, 10, 70, 1, 1, 40, 1, 5, 32, 1, 14, 76, 1, 13, 43, 1, 8, 31, 1, 3, 21, 2, 15, 5, 4, 5, 1, 2, 47]; 
    [15, 1, 1, 32, 2, 4, 49, 3, 49, 1, 11, 5, 1, 6, 64, 1, 8, 58, 1, 9, 80, 1, 7, 94, 1, 12, 11, 1, 2, 26, 1, 14, 26, 1, 15, 59, 1, 10, 85, 2, 5, 47, 11, 47, 1, 13, 96, 1, 3, 14]; 
    [15, 2, 6, 23, 3, 23, 1, 7, 9, 1, 1, 75, 2, 13, 37, 1, 37, 2, 12, 43, 8, 43, 2, 3, 79, 13, 79, 1, 5, 75, 1, 4, 34, 1, 8, 20, 1, 14, 10, 1, 15, 83, 1, 11, 68, 1, 10, 52, 1, 9, 66, 1, 2, 9]; 
    [15, 1, 13, 69, 1, 10, 59, 1, 4, 28, 1, 15, 62, 1, 14, 36, 1, 2, 26, 1, 7, 84, 1, 12, 16, 1, 9, 54, 1, 6, 42, 1, 3, 54, 2, 1, 6, 3, 6, 1, 11, 40, 1, 8, 88, 1, 5, 79]; 
    [15, 1, 14, 78, 1, 13, 53, 1, 12, 17, 1, 6, 29, 1, 5, 82, 1, 3, 23, 2, 10, 12, 8, 12, 1, 9, 64, 1, 2, 86, 1, 8, 59, 1, 7, 5, 1, 4, 68, 1, 15, 59, 1, 11, 13, 1, 1, 56]; 
    [15, 1, 11, 83, 2, 14, 46, 10, 46, 1, 10, 7, 1, 13, 65, 1, 12, 69, 1, 7, 62, 1, 1, 16, 1, 3, 58, 1, 9, 66, 1, 6, 83, 1, 8, 90, 1, 15, 42, 1, 5, 81, 2, 4, 69, 3, 69, 1, 2, 85]; 
    [15, 1, 8, 73, 1, 11, 71, 1, 9, 64, 1, 7, 10, 1, 10, 20, 2, 12, 99, 2, 99, 1, 5, 24, 1, 15, 65, 1, 6, 82, 1, 4, 72, 1, 13, 43, 1, 2, 82, 1, 14, 27, 1, 3, 24, 1, 1, 33]; 
    [15, 1, 5, 82, 2, 2, 34, 14, 34, 1, 4, 92, 1, 3, 8, 2, 1, 38, 7, 38, 1, 9, 45, 1, 7, 21, 2, 6, 35, 11, 35, 1, 13, 52, 1, 10, 35, 1, 12, 15, 2, 15, 23, 8, 23, 1, 11, 6, 1, 14, 83, 1, 8, 30];
    [15, 1, 3, 84, 1, 6, 7, 2, 10, 66, 1, 66, 1, 11, 6, 1, 5, 28, 1, 14, 27, 2, 7, 79, 15, 79, 1, 8, 70, 1, 1, 85, 1, 2, 94, 1, 4, 60, 1, 15, 80, 1, 13, 39, 1, 9, 66, 2, 12, 29, 4, 29]; 
    [15, 1, 4, 44, 1, 7, 58, 1, 14, 14, 1, 9, 65, 1, 2, 72, 1, 6, 14, 1, 13, 52, 1, 5, 21, 1, 10, 25, 1, 1, 5, 2, 12, 51, 14, 51, 1, 8, 61, 1, 15, 55, 1, 11, 42, 1, 3, 36]; 
    [15, 1, 15, 43, 1, 11, 72, 1, 6, 78, 1, 12, 12, 1, 13, 17, 1, 1, 46, 1, 10, 27, 1, 7, 51, 1, 3, 63, 1, 2, 79, 1, 9, 79, 1, 8, 91, 3, 5, 49, 3, 49, 15, 49, 1, 14, 26, 1, 4, 93]; 
    [15, 2, 8, 49, 13, 49, 1, 1, 49, 1, 5, 71, 1, 6, 78, 1, 10, 44, 1, 11, 41, 1, 13, 91, 1, 14, 84, 1, 9, 91, 1, 7, 21, 1, 12, 47, 1, 15, 28, 1, 4, 61, 1, 3, 70, 1, 2, 93]; 
    [15, 1, 4, 25, 1, 5, 85, 1, 1, 66, 1, 3, 45, 1, 11, 95, 1, 13, 21, 1, 9, 84, 1, 6, 24, 1, 10, 53, 1, 8, 67, 1, 7, 91, 1, 12, 11, 1, 14, 32, 1, 2, 30, 1, 15, 89]; 
    [15, 1, 4, 92, 2, 8, 93, 3, 93, 1, 1, 99, 1, 2, 40, 2, 11, 37, 15, 37, 2, 13, 69, 3, 69, 2, 6, 66, 2, 66, 1, 7, 57, 2, 15, 22, 5, 22, 1, 10, 44, 1, 9, 73, 1, 14, 97, 1, 12, 18, 1, 3, 69, 1, 5, 41];
};

dataArray = {
    [15, 15, 1.15]; 
    [15, 1, 10, 65, 1, 11, 28, 1, 5, 74, 1, 13, 33, 2, 3, 51, 13, 51, 1, 15, 75, 1, 6, 73, 1, 9, 32, 1, 7, 13, 1, 4, 81, 1, 2, 35, 1, 8, 59, 2, 14, 38, 6, 38, 1, 12, 55, 1, 1, 27]; 
    [15, 1, 1, 64, 2, 2, 53, 6, 53, 1, 12, 83, 1, 3, 33, 1, 5, 6, 1, 10, 52, 2, 15, 72, 10, 72, 1, 9, 7, 1, 14, 90, 1, 13, 21, 1, 7, 23, 1, 4, 10, 1, 11, 39, 2, 6, 49, 4, 49, 1, 8, 72]; 
    [15, 1, 15, 73, 2, 4, 82, 3, 82, 1, 2, 23, 1, 13, 62, 1, 7, 88, 1, 6, 21, 1, 9, 65, 1, 12, 70, 1, 8, 53, 1, 11, 81, 1, 3, 93, 1, 14, 77, 2, 1, 61, 11, 61, 1, 10, 28, 1, 5, 78]; 
    [15, 2, 2, 12, 3, 12, 1, 7, 51, 1, 8, 33, 2, 5, 15, 1, 15, 2, 15, 72, 8, 72, 2, 11, 98, 13, 98, 1, 10, 94, 1, 6, 12, 1, 12, 42, 1, 3, 24, 1, 14, 15, 1, 9, 28, 1, 4, 6, 1, 13, 99, 1, 1, 41]; 
    [15, 1, 13, 97, 1, 6, 7, 1, 10, 96, 1, 5, 15, 1, 15, 73, 1, 14, 43, 1, 1, 32, 1, 9, 22, 1, 12, 42, 1, 2, 94, 1, 3, 23, 2, 8, 86, 3, 86, 1, 7, 78, 1, 11, 24, 1, 4, 31]; 
    [15, 1, 2, 72, 1, 6, 88, 1, 3, 93, 1, 14, 13, 1, 5, 44, 1, 15, 66, 2, 7, 63, 10, 63, 1, 8, 14, 1, 10, 67, 1, 11, 17, 1, 12, 85, 1, 1, 35, 1, 4, 68, 1, 13, 5, 1, 9, 49]; 
    [15, 1, 10, 15, 1, 8, 82, 2, 7, 21, 10, 21, 1, 15, 53, 1, 4, 72, 1, 14, 49, 1, 3, 99, 1, 5, 26, 1, 13, 56, 1, 9, 45, 1, 2, 68, 1, 11, 51, 1, 1, 8, 1, 6, 27, 2, 12, 96, 8, 96]; 
    [15, 1, 4, 54, 1, 8, 24, 1, 5, 14, 1, 9, 38, 1, 6, 36, 2, 3, 52, 9, 52, 1, 15, 55, 1, 13, 37, 1, 12, 48, 1, 1, 93, 1, 14, 60, 1, 11, 70, 1, 2, 23, 1, 7, 23, 1, 10, 83]; 
    [15, 1, 4, 12, 1, 9, 69, 3, 7, 26, 9, 26, 4, 26, 1, 10, 23, 2, 15, 28, 7, 28, 1, 2, 82, 1, 6, 33, 2, 5, 45, 11, 45, 1, 14, 64, 1, 8, 15, 1, 12, 9, 2, 13, 73, 8, 73, 1, 11, 59, 1, 3, 37, 1, 1, 62];
    [15, 1, 1, 87, 1, 6, 12, 2, 8, 80, 10, 80, 1, 5, 50, 1, 11, 48, 1, 13, 90, 1, 2, 72, 2, 14, 24, 13, 24, 1, 7, 14, 1, 9, 71, 1, 12, 44, 1, 10, 46, 1, 3, 15, 1, 15, 61, 1, 4, 92]; 
    [15, 2, 3, 54, 9, 54, 1, 1, 22, 1, 7, 61, 1, 5, 46, 1, 4, 73, 1, 6, 16, 1, 13, 6, 1, 10, 94, 1, 15, 93, 1, 14, 67, 1, 9, 54, 2, 8, 75, 14, 75, 1, 12, 32, 1, 11, 40, 1, 2, 97]; 
    [15, 1, 11, 92, 1, 15, 36, 1, 5, 22, 1, 10, 9, 1, 4, 47, 1, 2, 77, 1, 13, 79, 1, 14, 36, 1, 7, 30, 1, 9, 98, 1, 12, 79, 1, 8, 7, 1, 6, 55, 3, 3, 6, 5, 6, 15, 6, 1, 1, 30]; 
    [15, 1, 1, 49, 2, 14, 83, 13, 83, 1, 4, 73, 1, 7, 82, 1, 2, 82, 1, 15, 92, 1, 12, 73, 1, 5, 31, 1, 11, 35, 1, 10, 54, 1, 6, 7, 1, 9, 37, 1, 8, 72, 1, 3, 52, 1, 13, 76]; 
    [15, 1, 11, 98, 1, 13, 34, 1, 14, 52, 1, 5, 26, 1, 2, 28, 1, 4, 39, 1, 9, 80, 1, 6, 29, 1, 10, 70, 1, 1, 43, 1, 7, 48, 1, 8, 58, 1, 3, 45, 1, 15, 94, 1, 12, 96]; 
    [15, 1, 2, 70, 1, 11, 17, 2, 7, 90, 3, 90, 1, 13, 67, 1, 5, 14, 2, 9, 23, 15, 23, 2, 4, 21, 3, 21, 2, 8, 18, 2, 18, 1, 14, 43, 2, 12, 84, 5, 84, 1, 6, 26, 1, 10, 36, 1, 3, 93, 1, 15, 84, 1, 1, 42];
};


%% MK01 %%
dataArray = { 
    [10, 6, 2]; 
    [6, 2, 1, 5, 3, 4, 3, 5, 3, 3, 5, 2, 1, 2, 3, 4, 6, 2, 3, 6, 5, 2, 6, 1, 1, 1, 3, 1, 3, 6, 6, 3, 6, 4, 3]; 
    [5, 1, 2, 6, 1, 3, 1, 1, 1, 2, 2, 2, 6, 4, 6, 3, 6, 5, 2, 6, 1, 1]; 
    [5, 1, 2, 6, 2, 3, 4, 6, 2, 3, 6, 5, 2, 6, 1, 1, 3, 3, 4, 2, 6, 6, 6, 2, 1, 1, 5, 5]; 
    [5, 3, 6, 5, 2, 6, 1, 1, 1, 2, 6, 1, 3, 1, 3, 5, 3, 3, 5, 2, 1, 2, 3, 4, 6, 2]; 
    [6, 3, 5, 3, 3, 5, 2, 1, 3, 6, 5, 2, 6, 1, 1, 1, 2, 6, 2, 1, 5, 3, 4, 2, 2, 6, 4, 6, 3, 3, 4, 2, 6, 6, 6]; 
    [6, 2, 3, 4, 6, 2, 1, 1, 2, 3, 3, 4, 2, 6, 6, 6, 1, 2, 6, 3, 6, 5, 2, 6, 1, 1, 2, 1, 3, 4, 2]; 
    [5, 1, 6, 1, 2, 1, 3, 4, 2, 3, 3, 4, 2, 6, 6, 6, 3, 2, 6, 5, 1, 1, 6, 1, 3, 1]; 
    [5, 2, 3, 4, 6, 2, 3, 3, 4, 2, 6, 6, 6, 3, 6, 5, 2, 6, 1, 1, 1, 2, 6, 2, 2, 6, 4, 6]; 
    [6, 1, 6, 1, 2, 1, 1, 5, 5, 3, 6, 6, 3, 6, 4, 3, 1, 1, 2, 3, 3, 4, 2, 6, 6, 6, 2, 2, 6, 4, 6]; 
    [6, 2, 3, 4, 6, 2, 3, 3, 4, 2, 6, 6, 6, 3, 5, 3, 3, 5, 2, 1, 1, 6, 1, 2, 2, 6, 4, 6, 2, 1, 3, 4, 2]; 
};

%% mk02 %%
dataArray = {
    [10, 6, 3.5];
    [6, 6, 3, 3, 4, 5, 1, 3, 6, 6, 2, 2, 5, 3, 2, 6, 5, 3, 4, 6, 1, 1, 5, 6, 3, 3, 4, 3, 2, 6, 6, 5, 1, 2, 6, 2, 6, 3, 5, 6, 3, 3, 2, 2, 1, 5, 4];
    [6, 5, 6, 1, 5, 6, 1, 3, 2, 4, 4, 2, 2, 6, 3, 5, 6, 1, 5, 2, 2, 2, 4, 3, 3, 3, 3, 2, 2, 1, 5, 4, 6, 3, 3, 4, 5, 1, 3, 6, 6, 2, 2, 5, 3];
    [6, 6, 1, 1, 5, 6, 3, 3, 4, 3, 2, 6, 6, 5, 6, 5, 3, 4, 6, 2, 4, 6, 6, 3, 6, 1, 2, 3, 3, 2, 2, 1, 5, 4, 5, 3, 5, 1, 4, 2, 3, 6, 3, 5, 2, 6, 4, 1, 1, 5, 2, 4, 5, 5, 3, 3, 6, 3, 5, 6, 3, 1, 4, 4, 6, 3, 6, 5, 3];
    [6, 5, 3, 5, 1, 4, 2, 3, 6, 3, 5, 2, 5, 6, 1, 5, 6, 1, 3, 2, 4, 4, 2, 1, 2, 6, 6, 1, 1, 5, 6, 3, 3, 4, 3, 2, 6, 6, 5, 5, 1, 4, 4, 5, 2, 3, 6, 3, 5, 4, 6, 4, 1, 1, 5, 2, 4, 5, 5, 3, 3, 6, 3];
    [6, 6, 5, 3, 4, 6, 2, 4, 6, 6, 3, 6, 1, 2, 5, 1, 4, 4, 5, 2, 3, 6, 3, 5, 4, 1, 4, 3, 5, 6, 3, 1, 4, 4, 6, 3, 6, 5, 3, 5, 6, 1, 5, 6, 1, 3, 2, 4, 4, 2, 2, 2, 4, 3, 3];
    [6, 5, 6, 3, 1, 4, 4, 6, 3, 6, 5, 3, 2, 6, 5, 3, 4, 5, 3, 5, 1, 4, 2, 3, 6, 3, 5, 2, 6, 5, 3, 4, 6, 2, 4, 6, 6, 3, 6, 1, 2, 1, 2, 6, 5, 6, 1, 5, 6, 1, 3, 2, 4, 4, 2];
    [5, 6, 4, 1, 1, 5, 2, 4, 5, 5, 3, 3, 6, 3, 1, 5, 2, 6, 5, 3, 4, 6, 2, 4, 6, 6, 3, 6, 1, 2, 6, 3, 3, 4, 5, 1, 3, 6, 6, 2, 2, 5, 3, 5, 6, 3, 1, 4, 4, 6, 3, 6, 5, 3];
    [6, 2, 2, 4, 3, 3, 5, 3, 5, 1, 4, 2, 3, 6, 3, 5, 2, 6, 5, 3, 4, 6, 2, 4, 6, 6, 3, 6, 1, 2, 5, 6, 3, 1, 4, 4, 6, 3, 6, 5, 3, 5, 1, 4, 4, 5, 2, 3, 6, 3, 5, 4, 5, 6, 1, 5, 6, 1, 3, 2, 4, 4, 2];
    [5, 1, 2, 6, 2, 6, 5, 3, 4, 5, 6, 1, 5, 6, 1, 3, 2, 4, 4, 2, 5, 1, 4, 4, 5, 2, 3, 6, 3, 5, 4, 2, 2, 4, 3, 3];
    [6, 1, 4, 3, 6, 5, 3, 4, 6, 2, 4, 6, 6, 3, 6, 1, 2, 5, 6, 3, 1, 4, 4, 6, 3, 6, 5, 3, 6, 4, 1, 1, 5, 2, 4, 5, 5, 3, 3, 6, 3, 2, 6, 3, 5, 6, 5, 6, 1, 5, 6, 1, 3, 2, 4, 4, 2];
};

%% MK03 %%
dataArray = {
    [15, 8, 3]; % Number of jobs, machines, and processes
    [10, 4, 7, 15, 8, 11, 4, 5, 5, 19, 2, 3, 18, 4, 5, 4, 8, 18, 7, 3, 6, 11, 3, 16, 4, 5, 7, 2, 1, 7, 2, 3, 19, 2, 5, 6, 6, 3, 3, 4, 5, 5, 2, 8, 18, 1, 5, 2, 1, 1, 17, 5, 5, 10, 2, 10, 1, 12, 8, 5, 3, 14, 3, 7, 15, 6, 2, 8, 19];
    [10, 4, 8, 18, 7, 3, 6, 11, 3, 16, 1, 1, 17, 2, 2, 1, 4, 13, 5, 5, 10, 2, 10, 1, 12, 8, 5, 3, 14, 5, 4, 11, 1, 9, 2, 18, 6, 18, 3, 13, 2, 6, 15, 7, 13, 4, 7, 15, 8, 11, 4, 5, 5, 19, 4, 5, 7, 2, 1, 7, 2, 3, 19, 4, 4, 11, 1, 7, 6, 13, 8, 3, 3, 7, 15, 6, 2, 8, 19];
    [10, 2, 3, 3, 5, 5, 4, 5, 7, 2, 1, 7, 2, 3, 19, 2, 3, 18, 4, 5, 2, 5, 6, 6, 3, 4, 4, 11, 1, 7, 6, 13, 8, 3, 3, 7, 15, 6, 2, 8, 19, 5, 4, 11, 1, 9, 2, 18, 6, 18, 3, 13, 3, 4, 5, 5, 2, 8, 18, 1, 1, 17, 2, 2, 1, 4, 13];
    [10, 2, 3, 18, 4, 5, 2, 3, 3, 5, 5, 5, 4, 11, 1, 9, 2, 18, 6, 18, 3, 13, 4, 4, 11, 1, 7, 6, 13, 8, 3, 2, 6, 15, 7, 13, 4, 5, 7, 2, 1, 7, 2, 3, 19, 1, 5, 2, 4, 8, 18, 7, 3, 6, 11, 3, 16, 1, 1, 17, 2, 5, 6, 6, 3];
    [10, 2, 6, 15, 7, 13, 3, 7, 15, 6, 2, 8, 19, 1, 5, 2, 4, 7, 15, 8, 11, 4, 5, 5, 19, 5, 4, 11, 1, 9, 2, 18, 6, 18, 3, 13, 4, 5, 7, 2, 1, 7, 2, 3, 19, 3, 4, 5, 5, 2, 8, 18, 2, 5, 6, 6, 3, 2, 3, 3, 5, 5, 5, 5, 10, 2, 10, 1, 12, 8, 5, 3, 14];
    [10, 2, 2, 1, 4, 13, 2, 6, 15, 7, 13, 2, 3, 18, 4, 5, 4, 8, 18, 7, 3, 6, 11, 3, 16, 5, 4, 11, 1, 9, 2, 18, 6, 18, 3, 13, 5, 5, 10, 2, 10, 1, 12, 8, 5, 3, 14, 4, 4, 11, 1, 7, 6, 13, 8, 3, 4, 7, 15, 8, 11, 4, 5, 5, 19, 2, 5, 6, 6, 3, 2, 3, 3, 5, 5];
    [10, 5, 5, 10, 2, 10, 1, 12, 8, 5, 3, 14, 4, 4, 11, 1, 7, 6, 13, 8, 3, 2, 2, 1, 4, 13, 1, 1, 17, 2, 6, 15, 7, 13, 4, 5, 7, 2, 1, 7, 2, 3, 19, 1, 5, 2, 5, 4, 11, 1, 9, 2, 18, 6, 18, 3, 13, 2, 3, 18, 4, 5, 3, 7, 15, 6, 2, 8, 19];
    [10, 3, 7, 15, 6, 2, 8, 19, 1, 1, 17, 4, 7, 15, 8, 11, 4, 5, 5, 19, 2, 6, 15, 7, 13, 5, 5, 10, 2, 10, 1, 12, 8, 5, 3, 14, 4, 4, 11, 1, 7, 6, 13, 8, 3, 5, 4, 11, 1, 9, 2, 18, 6, 18, 3, 13, 2, 2, 1, 4, 13, 2, 3, 18, 4, 5, 2, 3, 3, 5, 5];
    [10, 1, 1, 17, 5, 5, 10, 2, 10, 1, 12, 8, 5, 3, 14, 4, 8, 18, 7, 3, 6, 11, 3, 16, 3, 7, 15, 6, 2, 8, 19, 2, 6, 15, 7, 13, 4, 4, 11, 1, 7, 6, 13, 8, 3, 1, 5, 2, 2, 2, 1, 4, 13, 5, 4, 11, 1, 9, 2, 18, 6, 18, 3, 13, 4, 7, 15, 8, 11, 4, 5, 5, 19];
    [10, 1, 1, 17, 2, 6, 15, 7, 13, 3, 4, 5, 5, 2, 8, 18, 5, 4, 11, 1, 9, 2, 18, 6, 18, 3, 13, 4, 4, 11, 1, 7, 6, 13, 8, 3, 2, 3, 18, 4, 5, 2, 5, 6, 6, 3, 3, 7, 15, 6, 2, 8, 19, 4, 8, 18, 7, 3, 6, 11, 3, 16, 5, 5, 10, 2, 10, 1, 12, 8, 5, 3, 14];
    [10, 2, 2, 1, 4, 13, 3, 7, 15, 6, 2, 8, 19, 4, 8, 18, 7, 3, 6, 11, 3, 16, 2, 3, 18, 4, 5, 2, 5, 6, 6, 3, 1, 1, 17, 2, 3, 3, 5, 5, 3, 4, 5, 5, 2, 8, 18, 5, 5, 10, 2, 10, 1, 12, 8, 5, 3, 14, 5, 4, 11, 1, 9, 2, 18, 6, 18, 3, 13];
    [10, 4, 4, 11, 1, 7, 6, 13, 8, 3, 3, 4, 5, 5, 2, 8, 18, 4, 8, 18, 7, 3, 6, 11, 3, 16, 1, 1, 17, 5, 4, 11, 1, 9, 2, 18, 6, 18, 3, 13, 3, 7, 15, 6, 2, 8, 19, 1, 5, 2, 2, 3, 3, 5, 5, 4, 7, 15, 8, 11, 4, 5, 5, 19, 2, 2, 1, 4, 13];
    [10, 5, 5, 10, 2, 10, 1, 12, 8, 5, 3, 14, 1, 5, 2, 2, 3, 18, 4, 5, 4, 5, 7, 2, 1, 7, 2, 3, 19, 2, 6, 15, 7, 13, 4, 8, 18, 7, 3, 6, 11, 3, 16, 4, 7, 15, 8, 11, 4, 5, 5, 19, 5, 4, 11, 1, 9, 2, 18, 6, 18, 3, 13, 2, 5, 6, 6, 3, 4, 4, 11, 1, 7, 6, 13, 8, 3];
    [10, 4, 8, 18, 7, 3, 6, 11, 3, 16, 3, 4, 5, 5, 2, 8, 18, 2, 2, 1, 4, 13, 4, 5, 7, 2, 1, 7, 2, 3, 19, 2, 5, 6, 6, 3, 2, 3, 18, 4, 5, 2, 6, 15, 7, 13, 1, 5, 2, 5, 4, 11, 1, 9, 2, 18, 6, 18, 3, 13, 1, 1, 17];
    [10, 5, 5, 10, 2, 10, 1, 12, 8, 5, 3, 14, 2, 5, 6, 6, 3, 2, 6, 15, 7, 13, 4, 7, 15, 8, 11, 4, 5, 5, 19, 4, 8, 18, 7, 3, 6, 11, 3, 16, 1, 1, 17, 5, 4, 11, 1, 9, 2, 18, 6, 18, 3, 13, 3, 4, 5, 5, 2, 8, 18, 2, 3, 18, 4, 5, 4, 5, 7, 2, 1, 7, 2, 3, 19];
};

%% MK04 %%
dataArray = { 
    [15, 8, 2]; 
    [8, 1, 1, 6, 2, 1, 6, 7, 9, 2, 6, 7, 3, 1, 2, 4, 2, 7, 5, 3, 1, 8, 3, 9, 8, 9, 3, 2, 3, 4, 8, 3, 2, 2, 5, 5, 6, 7, 2, 6, 1, 4, 7]; 
    [7, 1, 6, 1, 2, 6, 1, 4, 7, 1, 1, 6, 2, 6, 7, 3, 1, 3, 2, 3, 4, 8, 3, 2, 1, 6, 2, 1, 7, 2]; 
    [6, 1, 6, 1, 3, 2, 3, 4, 8, 3, 2, 3, 3, 2, 7, 1, 4, 4, 2, 4, 2, 7, 5, 2, 1, 7, 3, 7, 2, 4, 4, 3, 1];
    [5, 1, 7, 2, 1, 1, 6, 2, 1, 6, 7, 9, 2, 6, 7, 3, 1, 2, 4, 5, 5, 7]; 
    [7, 1, 7, 2, 2, 1, 6, 7, 9, 2, 4, 4, 3, 1, 3, 1, 8, 3, 9, 8, 9, 2, 1, 7, 3, 7, 3, 2, 3, 4, 8, 3, 2, 2, 4, 5, 5, 7]; 
    [9, 1, 6, 2, 2, 4, 4, 3, 1, 3, 3, 2, 7, 1, 4, 4, 2, 6, 1, 4, 7, 2, 4, 5, 5, 7, 3, 1, 8, 3, 9, 8, 9, 2, 1, 7, 3, 7, 1, 6, 1, 2, 1, 6, 7, 9]; 
    [5, 2, 5, 5, 6, 7, 2, 1, 7, 3, 7, 2, 6, 1, 4, 7, 1, 6, 2, 2, 6, 7, 3, 1];
    [6, 2, 4, 5, 5, 7, 2, 5, 5, 6, 7, 3, 2, 3, 4, 8, 3, 2, 1, 6, 2, 1, 6, 1, 2, 1, 6, 7, 9]; 
    [9, 1, 1, 6, 2, 1, 6, 7, 9, 2, 4, 4, 3, 1, 3, 1, 8, 3, 9, 8, 9, 2, 4, 2, 7, 5, 2, 6, 1, 4, 7, 1, 7, 2, 2, 1, 7, 3, 7, 3, 2, 3, 4, 8, 3, 2]; 
    [5, 2, 5, 5, 6, 7, 1, 1, 6, 1, 7, 2, 2, 4, 5, 5, 7, 2, 1, 6, 7, 9]; 
    [4, 3, 1, 8, 3, 9, 8, 9, 1, 1, 6, 3, 2, 3, 4, 8, 3, 2, 2, 4, 2, 7, 5]; 
    [6, 2, 4, 2, 7, 5, 1, 6, 1, 1, 1, 6, 2, 1, 7, 3, 7, 3, 1, 8, 3, 9, 8, 9, 1, 7, 2];
    [4, 1, 6, 2, 2, 6, 7, 3, 1, 2, 6, 1, 4, 7, 2, 5, 5, 6, 7];
    [3, 2, 5, 5, 6, 7, 1, 6, 1, 2, 4, 2, 7, 5];
    [6, 2, 4, 5, 5, 7, 1, 7, 2, 3, 1, 8, 3, 9, 8, 9, 3, 2, 3, 4, 8, 3, 2, 3, 3, 2, 7, 1, 4, 4, 1, 1, 6];
};

%% mk05 %%
dataArray = { 
    [15, 4, 1.5];
    [6, 2, 3, 5, 2, 7, 2, 1, 8, 4, 8, 2, 1, 6, 2, 5, 1, 3, 7, 2, 4, 5, 2, 6, 2, 4, 5, 1, 5]; 
    [5, 1, 3, 7, 2, 1, 6, 2, 5, 1, 4, 6, 2, 4, 5, 2, 6, 2, 1, 8, 2, 6]; 
    [8, 2, 4, 7, 3, 9, 2, 3, 5, 2, 7, 2, 4, 5, 1, 5, 2, 1, 8, 4, 8, 2, 1, 6, 2, 5, 1, 4, 6, 2, 1, 8, 2, 6, 2, 4, 9, 3, 6]; 
    [7, 2, 4, 5, 1, 5, 2, 4, 7, 3, 9, 2, 1, 8, 4, 8, 1, 4, 8, 2, 1, 8, 2, 6, 2, 4, 5, 2, 6, 1, 4, 6]; 
    [6, 2, 3, 7, 1, 5, 2, 4, 6, 2, 7, 2, 4, 7, 3, 9, 1, 3, 8, 2, 3, 5, 2, 7, 2, 1, 8, 2, 6]; 
    [9, 1, 4, 6, 2, 4, 5, 2, 6, 1, 3, 8, 2, 3, 7, 1, 5, 2, 4, 6, 2, 7, 1, 4, 8, 2, 1, 8, 2, 6, 2, 1, 8, 4, 8, 2, 4, 5, 1, 5]; 
    [5, 1, 3, 8, 2, 4, 7, 3, 9, 2, 1, 6, 2, 5, 2, 4, 6, 2, 7, 1, 3, 7]; 
    [8, 2, 3, 7, 1, 5, 1, 3, 8, 2, 4, 7, 3, 9, 2, 4, 5, 1, 5, 1, 3, 7, 1, 4, 8, 2, 4, 9, 3, 6, 2, 1, 6, 2, 5]; 
    [9, 2, 3, 5, 2, 7, 1, 4, 8, 2, 4, 5, 2, 6, 2, 1, 6, 2, 5, 1, 4, 6, 2, 1, 8, 4, 9, 2, 1, 8, 4, 8, 2, 1, 8, 2, 6, 1, 3, 7]; 
    [9, 2, 1, 8, 2, 6, 2, 1, 8, 4, 8, 2, 1, 8, 4, 9, 2, 4, 9, 3, 6, 2, 1, 6, 2, 5, 1, 3, 8, 1, 3, 7, 1, 4, 6, 2, 4, 5, 2, 6]; 
    [7, 2, 1, 8, 2, 6, 2, 1, 8, 4, 8, 2, 1, 6, 2, 5, 1, 3, 7, 1, 4, 6, 1, 3, 8, 2, 4, 9, 3, 6]; 
    [6, 1, 4, 8, 1, 3, 7, 2, 4, 7, 3, 9, 2, 1, 6, 2, 5, 1, 3, 8, 2, 1, 8, 4, 8]; 
    [7, 1, 4, 8, 2, 4, 9, 3, 6, 2, 1, 8, 4, 8, 2, 4, 6, 2, 7, 2, 4, 6, 2, 7, 2, 1, 8, 2, 6, 2, 3, 7, 1, 5]; 
    [7, 2, 1, 6, 2, 5, 2, 3, 7, 1, 5, 2, 1, 8, 4, 8, 2, 1, 8, 2, 6, 2, 4, 5, 1, 5, 2, 4, 6, 2, 7, 1, 4, 6]; 
    [7, 1, 3, 8, 2, 1, 8, 4, 9, 2, 4, 9, 3, 6, 1, 3, 7, 2, 4, 5, 2, 6, 2, 1, 8, 2, 6, 2, 1, 6, 2, 5];
};

%% MK06 %%
dataArray = {
    [10, 15, 3];
    [15, 4, 2, 8, 6, 3, 7, 2, 9, 5, 2, 9, 7, 1, 2, 5, 7, 4, 1, 4, 9, 1, 2, 7, 10, 4, 2, 1, 1, 8, 2, 3, 7, 5, 3, 8, 5, 8, 5, 1, 3, 8, 8, 2, 5, 3, 8, 10, 9, 3, 5, 6, 1, 1, 6, 2, 5, 2, 5, 1, 9, 9, 1, 5, 7, 4, 6, 2, 10, 6, 1, 2, 2, 7, 9, 5, 6, 2, 4, 8, 7, 2, 5, 2, 1, 5, 8, 4, 2, 1, 8, 3, 7, 3, 10, 2, 8, 9, 4, 5, 3, 7, 5, 3, 7, 9, 3, 3, 9, 4, 5, 8, 1, 1];
    [15, 5, 1, 3, 8, 8, 2, 5, 3, 8, 10, 9, 5, 7, 4, 1, 4, 9, 1, 2, 7, 10, 4, 3, 5, 6, 1, 1, 6, 2, 5, 2, 1, 5, 8, 4, 2, 1, 8, 3, 7, 2, 4, 8, 7, 2, 2, 10, 6, 1, 2, 3, 10, 2, 8, 9, 4, 5, 2, 7, 9, 5, 6, 3, 7, 5, 3, 7, 9, 3, 3, 7, 5, 3, 8, 5, 8, 3, 9, 4, 5, 8, 1, 1, 2, 9, 7, 1, 2, 2, 1, 1, 8, 2, 4, 2, 8, 6, 3, 7, 2, 9, 5, 5, 2, 5, 1, 9, 9, 1, 5, 7, 4, 6];
    [15, 2, 1, 1, 8, 2, 2, 7, 9, 5, 6, 2, 10, 6, 1, 2, 2, 4, 8, 7, 2, 5, 2, 1, 5, 8, 4, 2, 1, 8, 3, 7, 3, 9, 4, 5, 8, 1, 1, 2, 9, 7, 1, 2, 3, 7, 5, 3, 7, 9, 3, 5, 7, 4, 1, 4, 9, 1, 2, 7, 10, 4, 4, 2, 8, 6, 3, 7, 2, 9, 5, 5, 1, 3, 8, 8, 2, 5, 3, 8, 10, 9, 3, 10, 2, 8, 9, 4, 5, 5, 2, 5, 1, 9, 9, 1, 5, 7, 4, 6, 3, 5, 6, 1, 1, 6, 2, 3, 7, 5, 3, 8, 5, 8];
    [15, 3, 5, 6, 1, 1, 6, 2, 5, 2, 5, 1, 9, 9, 1, 5, 7, 4, 6, 5, 1, 3, 8, 8, 2, 5, 3, 8, 10, 9, 5, 2, 1, 5, 8, 4, 2, 1, 8, 3, 7, 2, 4, 8, 7, 2, 2, 10, 6, 1, 2, 3, 7, 5, 3, 8, 5, 8, 2, 9, 7, 1, 2, 3, 7, 5, 3, 7, 9, 3, 3, 9, 4, 5, 8, 1, 1, 4, 2, 8, 6, 3, 7, 2, 9, 5, 2, 1, 1, 8, 2, 5, 7, 4, 1, 4, 9, 1, 2, 7, 10, 4, 2, 7, 9, 5, 6, 3, 10, 2, 8, 9, 4, 5];
    [15, 3, 10, 2, 8, 9, 4, 5, 2, 1, 1, 8, 2, 3, 9, 4, 5, 8, 1, 1, 2, 9, 7, 1, 2, 3, 7, 5, 3, 8, 5, 8, 5, 2, 1, 5, 8, 4, 2, 1, 8, 3, 7, 3, 5, 6, 1, 1, 6, 2, 3, 7, 5, 3, 7, 9, 3, 4, 2, 8, 6, 3, 7, 2, 9, 5, 2, 10, 6, 1, 2, 5, 7, 4, 1, 4, 9, 1, 2, 7, 10, 4, 2, 7, 9, 5, 6, 5, 2, 5, 1, 9, 9, 1, 5, 7, 4, 6, 5, 1, 3, 8, 8, 2, 5, 3, 8, 10, 9, 2, 4, 8, 7, 2];
    [15, 3, 7, 5, 3, 8, 5, 8, 5, 1, 3, 8, 8, 2, 5, 3, 8, 10, 9, 2, 7, 9, 5, 6, 3, 5, 6, 1, 1, 6, 2, 5, 2, 5, 1, 9, 9, 1, 5, 7, 4, 6, 2, 4, 8, 7, 2, 2, 9, 7, 1, 2, 5, 2, 1, 5, 8, 4, 2, 1, 8, 3, 7, 5, 7, 4, 1, 4, 9, 1, 2, 7, 10, 4, 4, 2, 8, 6, 3, 7, 2, 9, 5, 2, 1, 1, 8, 2, 3, 7, 5, 3, 7, 9, 3, 2, 10, 6, 1, 2, 3, 9, 4, 5, 8, 1, 1, 3, 10, 2, 8, 9, 4, 5];
    [15, 3, 5, 6, 1, 1, 6, 2, 3, 10, 2, 8, 9, 4, 5, 3, 7, 5, 3, 8, 5, 8, 5, 1, 3, 8, 8, 2, 5, 3, 8, 10, 9, 2, 1, 1, 8, 2, 2, 9, 7, 1, 2, 5, 2, 1, 5, 8, 4, 2, 1, 8, 3, 7, 3, 7, 5, 3, 7, 9, 3, 5, 7, 4, 1, 4, 9, 1, 2, 7, 10, 4, 3, 9, 4, 5, 8, 1, 1, 2, 10, 6, 1, 2, 4, 2, 8, 6, 3, 7, 2, 9, 5, 2, 7, 9, 5, 6, 2, 4, 8, 7, 2, 5, 2, 5, 1, 9, 9, 1, 5, 7, 4, 6];
    [15, 5, 7, 4, 1, 4, 9, 1, 2, 7, 10, 4, 3, 7, 5, 3, 7, 9, 3, 3, 7, 5, 3, 8, 5, 8, 2, 1, 1, 8, 2, 3, 5, 6, 1, 1, 6, 2, 5, 2, 5, 1, 9, 9, 1, 5, 7, 4, 6, 3, 10, 2, 8, 9, 4, 5, 3, 9, 4, 5, 8, 1, 1, 2, 9, 7, 1, 2, 4, 2, 8, 6, 3, 7, 2, 9, 5, 5, 1, 3, 8, 8, 2, 5, 3, 8, 10, 9, 2, 4, 8, 7, 2, 2, 10, 6, 1, 2, 5, 2, 1, 5, 8, 4, 2, 1, 8, 3, 7, 2, 7, 9, 5, 6];
    [15, 4, 2, 8, 6, 3, 7, 2, 9, 5, 3, 9, 4, 5, 8, 1, 1, 3, 7, 5, 3, 8, 5, 8, 5, 7, 4, 1, 4, 9, 1, 2, 7, 10, 4, 5, 2, 1, 5, 8, 4, 2, 1, 8, 3, 7, 2, 4, 8, 7, 2, 2, 9, 7, 1, 2, 3, 10, 2, 8, 9, 4, 5, 5, 1, 3, 8, 8, 2, 5, 3, 8, 10, 9, 2, 10, 6, 1, 2, 5, 2, 5, 1, 9, 9, 1, 5, 7, 4, 6, 3, 7, 5, 3, 7, 9, 3, 2, 7, 9, 5, 6, 2, 1, 1, 8, 2, 3, 5, 6, 1, 1, 6, 2];
    [15, 2, 1, 1, 8, 2, 4, 2, 8, 6, 3, 7, 2, 9, 5, 3, 10, 2, 8, 9, 4, 5, 3, 7, 5, 3, 8, 5, 8, 3, 7, 5, 3, 7, 9, 3, 2, 10, 6, 1, 2, 2, 7, 9, 5, 6, 3, 9, 4, 5, 8, 1, 1, 5, 7, 4, 1, 4, 9, 1, 2, 7, 10, 4, 5, 2, 5, 1, 9, 9, 1, 5, 7, 4, 6, 5, 1, 3, 8, 8, 2, 5, 3, 8, 10, 9, 3, 5, 6, 1, 1, 6, 2, 5, 2, 1, 5, 8, 4, 2, 1, 8, 3, 7, 2, 4, 8, 7, 2, 2, 9, 7, 1, 2];
};

%% MK07 %%
dataArray = {
    [20, 5, 3];
    [5, 2, 2, 4, 1, 15, 2, 3, 18, 1, 15, 1, 2, 4, 1, 4, 18, 5, 3, 8, 5, 2, 4, 5, 1, 7, 2, 7];
    [5, 2, 1, 3, 5, 13, 5, 3, 8, 5, 2, 4, 5, 1, 7, 2, 7, 2, 2, 4, 1, 15, 3, 1, 8, 5, 1, 2, 5, 3, 1, 3, 5, 13, 3, 2];
    [5, 5, 2, 18, 5, 1, 4, 19, 1, 9, 3, 3, 1, 4, 18, 2, 4, 11, 3, 9, 1, 2, 4, 3, 5, 12, 3, 14, 4, 19];
    [5, 2, 2, 4, 1, 15, 4, 4, 10, 3, 10, 2, 17, 5, 8, 4, 5, 18, 3, 13, 2, 2, 1, 5, 5, 4, 10, 5, 15, 1, 2, 3, 9, 2, 16, 2, 3, 15, 1, 6];
    [5, 3, 1, 3, 5, 13, 3, 2, 2, 3, 18, 1, 15, 5, 2, 18, 5, 1, 4, 19, 1, 9, 3, 3, 3, 5, 12, 3, 14, 4, 19, 1, 4, 5];
    [5, 5, 3, 8, 5, 2, 4, 5, 1, 7, 2, 7, 2, 3, 18, 1, 15, 2, 1, 15, 5, 7, 2, 2, 7, 1, 17, 2, 2, 4, 1, 15];
    [5, 1, 4, 5, 2, 1, 15, 5, 7, 2, 2, 4, 1, 15, 3, 1, 3, 5, 13, 3, 2, 4, 4, 6, 2, 17, 3, 15, 5, 7];
    [5, 4, 4, 6, 2, 17, 3, 15, 5, 7, 3, 3, 18, 1, 2, 4, 15, 4, 2, 14, 4, 14, 3, 19, 5, 15, 1, 2, 4, 2, 2, 7, 1, 17];
    [5, 5, 2, 18, 5, 1, 4, 19, 1, 9, 3, 3, 4, 4, 6, 2, 17, 3, 15, 5, 7, 3, 1, 8, 5, 1, 2, 5, 4, 2, 14, 4, 14, 3, 19, 5, 15, 2, 1, 17, 5, 15];
    [5, 2, 1, 15, 5, 7, 4, 4, 10, 3, 10, 2, 17, 5, 8, 2, 3, 15, 1, 6, 1, 4, 5, 5, 3, 16, 5, 17, 4, 10, 2, 10, 1, 7];
    [5, 1, 4, 18, 3, 1, 8, 5, 1, 2, 5, 5, 3, 8, 5, 2, 4, 5, 1, 7, 2, 7, 2, 1, 15, 5, 7, 2, 1, 17, 5, 15];
    [5, 3, 5, 12, 3, 14, 4, 19, 4, 4, 10, 3, 10, 2, 17, 5, 8, 2, 3, 15, 1, 6, 5, 3, 8, 5, 2, 4, 5, 1, 7, 2, 7, 5, 3, 16, 5, 17, 4, 10, 2, 10, 1, 7];
    [5, 2, 1, 17, 5, 15, 1, 4, 18, 4, 2, 17, 5, 19, 4, 5, 3, 12, 3, 3, 18, 1, 2, 4, 15, 3, 1, 8, 5, 1, 2, 5];
    [5, 2, 5, 1, 3, 5, 3, 3, 18, 1, 2, 4, 15, 4, 4, 10, 3, 10, 2, 17, 5, 8, 2, 3, 18, 1, 15, 5, 3, 8, 5, 2, 4, 5, 1, 7, 2, 7];
    [5, 5, 3, 8, 5, 2, 4, 5, 1, 7, 2, 7, 2, 5, 1, 3, 5, 3, 5, 12, 3, 14, 4, 19, 5, 3, 16, 5, 17, 4, 10, 2, 10, 1, 7, 2, 1, 17, 5, 15];
    [5, 5, 4, 10, 5, 15, 1, 2, 3, 9, 2, 16, 2, 4, 11, 3, 9, 1, 2, 4, 2, 1, 15, 5, 7, 1, 4, 5];
    [5, 5, 3, 8, 5, 2, 4, 5, 1, 7, 2, 7, 4, 2, 14, 4, 14, 3, 19, 5, 15, 3, 3, 18, 1, 2, 4, 15, 2, 3, 15, 1, 6, 5, 2, 18, 5, 1, 4, 19, 1, 9, 3, 3];
    [5, 1, 2, 4, 3, 1, 8, 5, 1, 2, 5, 2, 5, 1, 3, 5, 2, 3, 18, 1, 15, 2, 1, 15, 5, 7];
    [5, 3, 1, 3, 5, 13, 3, 2, 4, 4, 6, 2, 17, 3, 15, 5, 7, 4, 5, 18, 3, 13, 2, 2, 1, 5, 1, 4, 18, 2, 1, 3, 5, 13];
    [5, 1, 4, 5, 2, 2, 4, 1, 15, 1, 4, 18, 2, 1, 15, 5, 7, 5, 4, 10, 5, 15, 1, 2, 3, 9, 2, 16];
};

%% MK08 %%
dataArray = {
    [20, 10, 1.5];
    [10, 2, 7, 18, 4, 5, 2, 5, 7, 7, 7, 1, 3, 19, 1, 7, 14, 2, 4, 5, 10, 12, 1, 1, 10, 1, 10, 18, 2, 7, 10, 8, 19, 2, 3, 11, 8, 9, 2, 3, 5, 8, 12];
    [12, 1, 2, 5, 2, 7, 18, 4, 5, 2, 3, 5, 8, 12, 1, 1, 10, 1, 10, 19, 2, 3, 15, 4, 19, 1, 7, 14, 1, 5, 9, 2, 5, 14, 9, 5, 1, 1, 19, 2, 7, 10, 8, 19, 1, 1, 16];
    [14, 2, 5, 14, 9, 5, 1, 1, 19, 1, 1, 10, 1, 3, 19, 2, 7, 18, 4, 5, 2, 4, 5, 10, 12, 2, 3, 5, 8, 12, 1, 10, 10, 1, 5, 9, 1, 1, 7, 2, 7, 10, 8, 19, 1, 1, 10, 1, 10, 19, 1, 10, 18];
    [10, 1, 10, 10, 2, 5, 7, 7, 7, 1, 7, 14, 1, 1, 10, 1, 10, 18, 2, 3, 15, 7, 13, 2, 10, 14, 5, 7, 2, 3, 11, 8, 9, 1, 9, 11, 1, 5, 9];
    [12, 1, 5, 9, 2, 5, 14, 9, 5, 2, 7, 18, 4, 5, 2, 3, 11, 8, 9, 1, 1, 10, 1, 9, 11, 1, 1, 7, 1, 7, 14, 2, 4, 5, 10, 12, 2, 3, 15, 4, 19, 1, 8, 18, 1, 10, 19];
    [10, 2, 3, 15, 7, 13, 1, 3, 19, 1, 5, 9, 1, 10, 19, 2, 3, 5, 8, 12, 2, 7, 18, 4, 5, 2, 8, 14, 10, 9, 2, 4, 5, 10, 12, 1, 10, 18, 1, 1, 7];
    [12, 1, 1, 10, 1, 10, 18, 1, 1, 7, 1, 5, 9, 2, 8, 14, 10, 9, 2, 7, 10, 8, 19, 2, 3, 15, 4, 19, 2, 10, 14, 5, 7, 1, 8, 18, 1, 10, 19, 1, 1, 19, 1, 1, 10];
    [11, 1, 1, 10, 1, 7, 14, 1, 1, 10, 2, 3, 15, 4, 19, 2, 5, 14, 9, 5, 2, 7, 18, 4, 5, 1, 3, 19, 1, 1, 19, 2, 4, 5, 10, 12, 1, 5, 9, 1, 10, 19];
    [14, 2, 7, 10, 8, 19, 2, 8, 14, 10, 9, 1, 1, 19, 1, 10, 19, 2, 10, 14, 5, 7, 1, 2, 5, 2, 4, 5, 10, 12, 2, 5, 7, 7, 7, 1, 1, 16, 1, 1, 7, 1, 9, 11, 1, 3, 19, 1, 1, 10, 1, 10, 18];
    [11, 1, 10, 19, 2, 10, 14, 5, 7, 1, 8, 18, 2, 3, 11, 8, 9, 1, 1, 7, 1, 1, 10, 2, 5, 14, 9, 5, 2, 3, 15, 4, 19, 1, 10, 18, 1, 3, 19, 1, 1, 19];
    [11, 2, 5, 14, 9, 5, 1, 1, 10, 1, 8, 18, 2, 3, 15, 4, 19, 2, 7, 10, 8, 19, 2, 3, 5, 8, 12, 2, 3, 11, 8, 9, 2, 8, 14, 10, 9, 1, 10, 10, 1, 9, 11, 1, 3, 19];
    [10, 1, 10, 19, 2, 3, 11, 8, 9, 2, 5, 7, 7, 7, 1, 1, 16, 1, 7, 14, 2, 7, 18, 4, 5, 2, 4, 5, 10, 12, 1, 1, 10, 1, 8, 18, 2, 5, 14, 9, 5];
    [11, 2, 10, 14, 5, 7, 1, 10, 19, 2, 7, 10, 8, 19, 2, 3, 15, 4, 19, 1, 1, 19, 1, 8, 18, 2, 8, 14, 10, 9, 2, 3, 11, 8, 9, 1, 10, 18, 2, 5, 14, 9, 5, 1, 2, 5];
    [11, 1, 1, 10, 2, 5, 7, 7, 7, 1, 1, 10, 1, 9, 11, 1, 7, 14, 2, 3, 15, 7, 13, 2, 8, 14, 10, 9, 1, 1, 16, 2, 3, 5, 8, 12, 2, 5, 14, 9, 5, 1, 2, 5];
    [11, 2, 5, 14, 9, 5, 2, 5, 7, 7, 7, 1, 7, 14, 1, 10, 10, 2, 7, 10, 8, 19, 2, 3, 15, 4, 19, 2, 7, 18, 4, 5, 1, 1, 7, 2, 3, 11, 8, 9, 1, 1, 19, 1, 8, 18];
    [11, 1, 2, 5, 2, 7, 10, 8, 19, 1, 10, 10, 1, 9, 11, 1, 8, 18, 2, 10, 14, 5, 7, 2, 5, 14, 9, 5, 1, 1, 10, 1, 1, 19, 2, 3, 15, 7, 13, 2, 8, 14, 10, 9];
    [13, 1, 10, 10, 2, 5, 14, 9, 5, 1, 5, 9, 1, 10, 19, 1, 1, 10, 2, 3, 5, 8, 12, 1, 2, 5, 2, 10, 14, 5, 7, 1, 1, 10, 2, 8, 14, 10, 9, 2, 3, 15, 7, 13, 1, 1, 16, 1, 7, 14];
    [11, 2, 3, 15, 7, 13, 1, 2, 5, 1, 10, 19, 1, 3, 19, 1, 8, 18, 1, 1, 7, 1, 5, 9, 1, 7, 14, 2, 7, 18, 4, 5, 1, 1, 10, 2, 5, 14, 9, 5];
    [10, 2, 7, 10, 8, 19, 1, 2, 5, 2, 3, 11, 8, 9, 1, 9, 11, 2, 4, 5, 10, 12, 1, 10, 18, 2, 7, 18, 4, 5, 2, 8, 14, 10, 9, 2, 3, 5, 8, 12, 1, 10, 19];
    [10, 1, 10, 18, 1, 10, 10, 1, 7, 14, 1, 9, 11, 2, 3, 15, 7, 13, 1, 2, 5, 2, 8, 14, 10, 9, 2, 3, 5, 8, 12, 1, 5, 9, 1, 1, 16];
};

%% MK09%%
dataArray = {
    [20, 10, 3];
    [12, 2, 2, 10, 1, 11, 1, 8, 17, 1, 8, 14, 1, 1, 10, 2, 2, 16, 10, 18, 2, 9, 6, 2, 12, 4, 7, 9, 4, 11, 3, 10, 1, 16, 2, 5, 19, 1, 7, 1, 9, 11, 1, 4, 16, 1, 2, 5, 5, 7, 9, 9, 9, 4, 6, 8, 14, 6, 16];
    [13, 1, 8, 17, 2, 5, 6, 4, 11, 2, 2, 10, 1, 11, 2, 5, 9, 8, 8, 2, 2, 16, 3, 11, 4, 1, 8, 5, 14, 10, 15, 6, 12, 4, 6, 10, 8, 15, 7, 5, 2, 8, 2, 5, 19, 1, 7, 4, 7, 9, 4, 11, 3, 10, 1, 16, 1, 1, 10, 4, 1, 16, 3, 11, 7, 17, 4, 7, 1, 4, 16, 4, 3, 11, 5, 8, 7, 11, 9, 17];
    [11, 4, 6, 10, 8, 15, 7, 5, 2, 8, 2, 5, 9, 8, 8, 2, 2, 16, 10, 18, 2, 2, 10, 1, 11, 5, 7, 9, 9, 9, 4, 6, 8, 14, 6, 16, 1, 4, 16, 2, 5, 19, 1, 7, 1, 1, 10, 2, 5, 6, 4, 11, 2, 2, 16, 3, 11, 1, 3, 14];
    [11, 4, 1, 8, 5, 14, 10, 15, 6, 12, 2, 5, 19, 1, 7, 4, 4, 11, 8, 16, 9, 15, 1, 6, 1, 8, 14, 1, 4, 16, 1, 8, 17, 4, 1, 16, 3, 11, 7, 17, 4, 7, 4, 10, 6, 8, 13, 5, 5, 2, 8, 1, 3, 14, 4, 7, 9, 4, 11, 3, 10, 1, 16, 1, 1, 10];
    [14, 1, 8, 17, 1, 4, 16, 1, 5, 9, 4, 10, 6, 8, 13, 5, 5, 2, 8, 4, 1, 16, 3, 11, 7, 17, 4, 7, 2, 2, 16, 10, 18, 4, 6, 10, 8, 15, 7, 5, 2, 8, 1, 8, 14, 2, 5, 6, 4, 11, 4, 2, 5, 7, 13, 10, 10, 5, 11, 5, 7, 9, 9, 9, 4, 6, 8, 14, 6, 16, 2, 5, 9, 8, 8, 4, 1, 8, 5, 14, 10, 15, 6, 12, 2, 5, 19, 1, 7];
    [11, 4, 2, 5, 7, 13, 10, 10, 5, 11, 2, 2, 16, 10, 18, 1, 1, 10, 1, 3, 14, 1, 5, 9, 5, 7, 9, 9, 9, 4, 6, 8, 14, 6, 16, 1, 8, 17, 1, 8, 14, 1, 2, 5, 4, 6, 10, 8, 15, 7, 5, 2, 8, 4, 4, 11, 8, 16, 9, 15, 1, 6];
    [14, 1, 8, 14, 1, 8, 17, 2, 5, 9, 8, 8, 1, 4, 16, 1, 1, 10, 4, 2, 5, 7, 13, 10, 10, 5, 11, 1, 2, 5, 2, 5, 6, 4, 11, 5, 7, 9, 9, 9, 4, 6, 8, 14, 6, 16, 4, 4, 11, 8, 16, 9, 15, 1, 6, 5, 2, 8, 1, 19, 8, 13, 6, 14, 10, 18, 4, 6, 10, 8, 15, 7, 5, 2, 8, 4, 1, 16, 3, 11, 7, 17, 4, 7, 2, 2, 16, 10, 18];
    [13, 1, 1, 10, 4, 10, 6, 8, 13, 5, 5, 2, 8, 1, 5, 9, 4, 7, 9, 4, 11, 3, 10, 1, 16, 1, 9, 11, 4, 2, 5, 7, 13, 10, 10, 5, 11, 4, 6, 10, 8, 15, 7, 5, 2, 8, 1, 2, 5, 5, 2, 8, 1, 19, 8, 13, 6, 14, 10, 18, 5, 7, 9, 9, 9, 4, 6, 8, 14, 6, 16, 2, 2, 10, 1, 11, 4, 1, 16, 3, 11, 7, 17, 4, 7, 2, 5, 6, 4, 11];
    [11, 1, 8, 17, 1, 2, 5, 1, 1, 10, 1, 4, 16, 2, 5, 6, 4, 11, 4, 7, 9, 4, 11, 3, 10, 1, 16, 5, 2, 8, 1, 19, 8, 13, 6, 14, 10, 18, 1, 9, 11, 2, 9, 6, 2, 12, 2, 2, 10, 1, 11, 2, 5, 9, 8, 8];
    [12, 1, 4, 16, 4, 4, 11, 8, 16, 9, 15, 1, 6, 1, 3, 14, 4, 2, 5, 7, 13, 10, 10, 5, 11, 1, 9, 11, 5, 7, 9, 9, 9, 4, 6, 8, 14, 6, 16, 2, 5, 6, 4, 11, 4, 1, 16, 3, 11, 7, 17, 4, 7, 2, 2, 10, 1, 11, 2, 2, 16, 3, 11, 4, 1, 8, 5, 14, 10, 15, 6, 12, 1, 1, 10]; 
    [10, 1, 9, 11, 1, 5, 9, 5, 2, 8, 1, 19, 8, 13, 6, 14, 10, 18, 1, 4, 16, 4, 4, 11, 8, 16, 9, 15, 1, 6, 2, 5, 9, 8, 8, 4, 7, 9, 4, 11, 3, 10, 1, 16, 1, 3, 14, 1, 1, 10, 4, 1, 16, 3, 11, 7, 17, 4, 7]; 
    [11, 4, 10, 6, 8, 13, 5, 5, 2, 8, 4, 4, 11, 8, 16, 9, 15, 1, 6, 1, 4, 16, 2, 9, 6, 2, 12, 4, 6, 10, 8, 15, 7, 5, 2, 8, 4, 7, 9, 4, 11, 3, 10, 1, 16, 1, 2, 5, 1, 8, 14, 5, 7, 9, 9, 9, 4, 6, 8, 14, 6, 16, 2, 5, 6, 4, 11, 2, 2, 16, 10, 18]; 
    [11, 1, 2, 5, 1, 3, 14, 2, 9, 6, 2, 12, 1, 5, 9, 4, 2, 5, 7, 13, 10, 10, 5, 11, 4, 1, 16, 3, 11, 7, 17, 4, 7, 2, 2, 10, 1, 11, 1, 8, 17, 2, 5, 19, 1, 7, 1, 1, 10, 4, 7, 9, 4, 11, 3, 10, 1, 16]; 
    [10, 4, 3, 11, 5, 8, 7, 11, 9, 17, 1, 1, 10, 2, 2, 16, 10, 18, 2, 2, 10, 1, 11, 4, 6, 10, 8, 15, 7, 5, 2, 8, 4, 4, 11, 8, 16, 9, 15, 1, 6, 1, 4, 16, 4, 1, 16, 3, 11, 7, 17, 4, 7, 4, 7, 9, 4, 11, 3, 10, 1, 16, 2, 2, 16, 3, 11]; 
    [12, 1, 1, 10, 4, 4, 11, 8, 16, 9, 15, 1, 6, 4, 2, 5, 7, 13, 10, 10, 5, 11, 5, 2, 8, 1, 19, 8, 13, 6, 14, 10, 18, 2, 5, 6, 4, 11, 2, 9, 6, 2, 12, 1, 2, 5, 4, 10, 6, 8, 13, 5, 5, 2, 8, 1, 4, 16, 2, 2, 16, 3, 11, 2, 2, 10, 1, 11, 4, 6, 10, 8, 15, 7, 5, 2, 8]; 
    [14, 1, 8, 17, 4, 4, 11, 8, 16, 9, 15, 1, 6, 1, 3, 14, 2, 9, 6, 2, 12, 1, 8, 14, 4, 6, 10, 8, 15, 7, 5, 2, 8, 4, 7, 9, 4, 11, 3, 10, 1, 16, 4, 2, 5, 7, 13, 10, 10, 5, 11, 4, 1, 8, 5, 14, 10, 15, 6, 12, 2, 2, 10, 1, 11, 1, 4, 16, 4, 3, 11, 5, 8, 7, 11, 9, 17, 2, 5, 19, 1, 7, 4, 10, 6, 8, 13, 5, 5, 2, 8]; 
    [13, 5, 2, 8, 1, 19, 8, 13, 6, 14, 10, 18, 1, 9, 11, 4, 7, 9, 4, 11, 3, 10, 1, 16, 1, 8, 17, 4, 10, 6, 8, 13, 5, 5, 2, 8, 2, 5, 6, 4, 11, 1, 1, 10, 4, 6, 10, 8, 15, 7, 5, 2, 8, 2, 2, 10, 1, 11, 2, 2, 16, 10, 18, 4, 1, 16, 3, 11, 7, 17, 4, 7, 1, 3, 14, 2, 5, 19, 1, 7]; 
    [11, 5, 2, 8, 1, 19, 8, 13, 6, 14, 10, 18, 5, 7, 9, 9, 9, 4, 6, 8, 14, 6, 16, 2, 5, 6, 4, 11, 4, 10, 6, 8, 13, 5, 5, 2, 8, 1, 3, 14, 4, 3, 11, 5, 8, 7, 11, 9, 17, 1, 9, 11, 2, 2, 10, 1, 11, 4, 2, 5, 7, 13, 10, 10, 5, 11, 1, 8, 14, 4, 1, 8, 5, 14, 10, 15, 6, 12]; 
    [13, 1, 3, 14, 2, 2, 10, 1, 11, 4, 7, 9, 4, 11, 3, 10, 1, 16, 2, 2, 16, 10, 18, 2, 2, 16, 3, 11, 4, 4, 11, 8, 16, 9, 15, 1, 6, 4, 1, 16, 3, 11, 7, 17, 4, 7, 4, 2, 5, 7, 13, 10, 10, 5, 11, 4, 10, 6, 8, 13, 5, 5, 2, 8, 2, 5, 9, 8, 8, 1, 2, 5, 4, 6, 10, 8, 15, 7, 5, 2, 8, 1, 5, 9]; 
    [13, 4, 1, 16, 3, 11, 7, 17, 4, 7, 4, 2, 5, 7, 13, 10, 10, 5, 11, 4, 6, 10, 8, 15, 7, 5, 2, 8, 1, 3, 14, 2, 5, 6, 4, 11, 4, 4, 11, 8, 16, 9, 15, 1, 6, 1, 5, 9, 1, 1, 10, 1, 8, 17, 2, 9, 6, 2, 12, 5, 2, 8, 1, 19, 8, 13, 6, 14, 10, 18, 2, 2, 16, 3, 11, 2, 2, 16, 10, 18];
};

%% MK10 %%
dataArray = {
    [20, 15, 3]; 
    [12, 2, 6, 5, 2, 5, 2, 7, 11, 6, 11, 1, 2, 5, 4, 8, 10, 3, 18, 4, 10, 9, 7, 2, 7, 9, 1, 7, 4, 1, 8, 7, 14, 9, 12, 4, 7, 3, 4, 13, 8, 8, 2, 6, 5, 3, 8, 1, 19, 9, 13, 10, 19, 2, 16, 5, 2, 16, 10, 9, 3, 12, 4, 11, 5, 15, 2, 9, 10, 10, 5, 3, 7, 5, 2, 8, 4, 7, 4, 1, 6, 6, 13, 5, 11, 10, 7]; 
    [13, 2, 7, 11, 6, 11, 4, 2, 16, 10, 9, 5, 9, 8, 16, 2, 6, 5, 2, 5, 2, 2, 11, 1, 9, 2, 3, 12, 7, 15, 4, 4, 11, 10, 14, 5, 10, 7, 15, 4, 3, 8, 1, 12, 5, 5, 13, 11, 5, 3, 8, 1, 19, 9, 13, 10, 19, 2, 16, 3, 4, 13, 8, 8, 2, 6, 4, 8, 10, 3, 18, 4, 10, 9, 7, 4, 1, 16, 5, 11, 10, 17, 3, 6, 2, 9, 10, 10, 5, 2, 5, 11, 2, 11]; 
    [11, 4, 3, 8, 1, 12, 5, 5, 13, 11, 2, 2, 11, 1, 9, 2, 7, 9, 1, 7, 2, 6, 5, 2, 5, 4, 1, 6, 6, 13, 5, 11, 10, 7, 2, 9, 10, 10, 5, 5, 3, 8, 1, 19, 9, 13, 10, 19, 2, 16, 4, 8, 10, 3, 18, 4, 10, 9, 7, 4, 2, 16, 10, 9, 5, 9, 8, 16, 2, 3, 12, 7, 15, 2, 2, 5, 9, 19]; 
    [11, 4, 4, 11, 10, 14, 5, 10, 7, 15, 5, 3, 8, 1, 19, 9, 13, 10, 19, 2, 16, 1, 5, 15, 1, 2, 5, 2, 9, 10, 10, 5, 2, 7, 11, 6, 11, 4, 1, 16, 5, 11, 10, 17, 3, 6, 2, 10, 13, 6, 11, 2, 2, 5, 9, 19, 3, 4, 13, 8, 8, 2, 6, 4, 8, 10, 3, 18, 4, 10, 9, 7]; 
    [14, 2, 7, 11, 6, 11, 2, 9, 10, 10, 5, 4, 5, 11, 7, 8, 10, 11, 2, 16, 2, 10, 13, 6, 11, 4, 1, 16, 5, 11, 10, 17, 3, 6, 2, 7, 9, 1, 7, 4, 3, 8, 1, 12, 5, 5, 13, 11, 1, 2, 5, 4, 2, 16, 10, 9, 5, 9, 8, 16, 3, 1, 15, 2, 19, 9, 9, 4, 1, 6, 6, 13, 5, 11, 10, 7, 2, 2, 11, 1, 9, 4, 4, 11, 10, 14, 5, 10, 7, 15, 5, 3, 8, 1, 19, 9, 13, 10, 19, 2, 16]; 
    [11, 3, 1, 15, 2, 19, 9, 9, 2, 7, 9, 1, 7, 4, 8, 10, 3, 18, 4, 10, 9, 7, 2, 2, 5, 9, 19, 4, 5, 11, 7, 8, 10, 11, 2, 16, 4, 1, 6, 6, 13, 5, 11, 10, 7, 2, 7, 11, 6, 11, 1, 2, 5, 3, 7, 5, 2, 8, 4, 7, 4, 3, 8, 1, 12, 5, 5, 13, 11, 1, 5, 15];
    [14, 1, 2, 5, 2, 7, 11, 6, 11, 2, 2, 11, 1, 9, 2, 9, 10, 10, 5, 4, 8, 10, 3, 18, 4, 10, 9, 7, 3, 1, 15, 2, 19, 9, 9, 3, 7, 5, 2, 8, 4, 7, 4, 2, 16, 10, 9, 5, 9, 8, 16, 4, 1, 6, 6, 13, 5, 11, 10, 7, 1, 5, 15, 4, 7, 13, 10, 19, 6, 18, 4, 8, 4, 3, 8, 1, 12, 5, 5, 13, 11, 4, 1, 16, 5, 11, 10, 17, 3, 6, 2, 7, 9, 1, 7]; 
    [13, 4, 8, 10, 3, 18, 4, 10, 9, 7, 2, 10, 13, 6, 11, 4, 5, 11, 7, 8, 10, 11, 2, 16, 3, 4, 13, 8, 8, 2, 6, 5, 2, 16, 10, 9, 3, 12, 4, 11, 5, 15, 3, 1, 15, 2, 19, 9, 9, 4, 3, 8, 1, 12, 5, 5, 13, 11, 3, 7, 5, 2, 8, 4, 7, 4, 7, 13, 10, 19, 6, 18, 4, 8, 4, 1, 6, 6, 13, 5, 11, 10, 7, 2, 6, 5, 2, 5, 4, 1, 16, 5, 11, 10, 17, 3, 6, 4, 2, 16, 10, 9, 5, 9, 8, 16]; 
    [11, 2, 7, 11, 6, 11, 3, 7, 5, 2, 8, 4, 7, 4, 8, 10, 3, 18, 4, 10, 9, 7, 2, 9, 10, 10, 5, 4, 2, 16, 10, 9, 5, 9, 8, 16, 3, 4, 13, 8, 8, 2, 6, 4, 7, 13, 10, 19, 6, 18, 4, 8, 5, 2, 16, 10, 9, 3, 12, 4, 11, 5, 15, 4, 1, 8, 7, 14, 9, 12, 4, 7, 2, 6, 5, 2, 5, 2, 2, 11, 1, 9]; 
    [12, 2, 9, 10, 10, 5, 1, 5, 15, 2, 2, 5, 9, 19, 3, 1, 15, 2, 19, 9, 9, 5, 2, 16, 10, 9, 3, 12, 4, 11, 5, 15, 4, 1, 6, 6, 13, 5, 11, 10, 7, 4, 2, 16, 10, 9, 5, 9, 8, 16, 4, 1, 16, 5, 11, 10, 17, 3, 6, 2, 6, 5, 2, 5, 2, 3, 12, 7, 15, 4, 4, 11, 10, 14, 5, 10, 7, 15, 4, 8, 10, 3, 18, 4, 10, 9, 7]; 
    [10, 5, 2, 16, 10, 9, 3, 12, 4, 11, 5, 15, 4, 5, 11, 7, 8, 10, 11, 2, 16, 4, 7, 13, 10, 19, 6, 18, 4, 8, 2, 9, 10, 10, 5, 1, 5, 15, 2, 2, 11, 1, 9, 3, 4, 13, 8, 8, 2, 6, 2, 2, 5, 9, 19, 4, 8, 10, 3, 18, 4, 10, 9, 7, 4, 1, 16, 5, 11, 10, 17, 3, 6]; 
    [11, 2, 10, 13, 6, 11, 1, 5, 15, 2, 9, 10, 10, 5, 4, 1, 8, 7, 14, 9, 12, 4, 7, 4, 3, 8, 1, 12, 5, 5, 13, 11, 3, 4, 13, 8, 8, 2, 6, 3, 7, 5, 2, 8, 4, 7, 1, 2, 5, 4, 1, 6, 6, 13, 5, 11, 10, 7, 4, 2, 16, 10, 9, 5, 9, 8, 16, 2, 7, 9, 1, 7]; 
    [11, 3, 7, 5, 2, 8, 4, 7, 2, 2, 5, 9, 19, 4, 1, 8, 7, 14, 9, 12, 4, 7, 4, 5, 11, 7, 8, 10, 11, 2, 16, 3, 1, 15, 2, 19, 9, 9, 4, 1, 16, 5, 11, 10, 17, 3, 6, 2, 6, 5, 2, 5, 2, 7, 11, 6, 11, 5, 3, 8, 1, 19, 9, 13, 10, 19, 2, 16, 4, 8, 10, 3, 18, 4, 10, 9, 7, 3, 4, 13, 8, 8, 2, 6]; 
    [10, 2, 5, 11, 2, 11, 4, 8, 10, 3, 18, 4, 10, 9, 7, 2, 7, 9, 1, 7, 2, 6, 5, 2, 5, 4, 3, 8, 1, 12, 5, 5, 13, 11, 1, 5, 15, 2, 9, 10, 10, 5, 4, 1, 16, 5, 11, 10, 17, 3, 6, 3, 4, 13, 8, 8, 2, 6, 2, 3, 12, 7, 15]; 
    [12, 4, 8, 10, 3, 18, 4, 10, 9, 7, 1, 5, 15, 3, 1, 15, 2, 19, 9, 9, 4, 7, 13, 10, 19, 6, 18, 4, 8, 4, 2, 16, 10, 9, 5, 9, 8, 16, 4, 1, 8, 7, 14, 9, 12, 4, 7, 3, 7, 5, 2, 8, 4, 7, 2, 10, 13, 6, 11, 2, 9, 10, 10, 5, 2, 3, 12, 7, 15, 2, 6, 5, 2, 5, 4, 3, 8, 1, 12, 5, 5, 13, 11]; 
    [14, 2, 7, 11, 6, 11, 1, 5, 15, 2, 2, 5, 9, 19, 4, 1, 8, 7, 14, 9, 12, 4, 7, 1, 2, 5, 4, 3, 8, 1, 12, 5, 5, 13, 11, 3, 4, 13, 8, 8, 2, 6, 3, 1, 15, 2, 19, 9, 9, 4, 4, 11, 10, 14, 5, 10, 7, 15, 2, 6, 5, 2, 5, 2, 9, 10, 10, 5, 2, 5, 11, 2, 11, 5, 3, 8, 1, 19, 9, 13, 10, 19, 2, 16, 2, 10, 13, 6, 11]; 
    [13, 4, 7, 13, 10, 19, 6, 18, 4, 8, 5, 2, 16, 10, 9, 3, 12, 4, 11, 5, 15, 3, 4, 13, 8, 8, 2, 6, 2, 7, 11, 6, 11, 2, 10, 13, 6, 11, 4, 2, 16, 10, 9, 5, 9, 8, 16, 4, 8, 10, 3, 18, 4, 10, 9, 7, 4, 3, 8, 1, 12, 5, 5, 13, 11, 2, 6, 5, 2, 5, 2, 7, 9, 1, 7, 4, 1, 16, 5, 11, 10, 17, 3, 6, 2, 2, 5, 9, 19, 5, 3, 8, 1, 19, 9, 13, 10, 19, 2, 16]; 
    [11, 4, 7, 13, 10, 19, 6, 18, 4, 8, 4, 1, 6, 6, 13, 5, 11, 10, 7, 4, 2, 16, 10, 9, 5, 9, 8, 16, 2, 10, 13, 6, 11, 2, 2, 5, 9, 19, 2, 5, 11, 2, 11, 5, 2, 16, 10, 9, 3, 12, 4, 11, 5, 15, 2, 6, 5, 2, 5, 3, 1, 15, 2, 19, 9, 9, 1, 2, 5, 4, 4, 11, 10, 14, 5, 10, 7, 15]; 
    [13, 2, 2, 5, 9, 19, 2, 6, 5, 2, 5, 3, 4, 13, 8, 8, 2, 6, 2, 7, 9, 1, 7, 2, 3, 12, 7, 15, 1, 5, 15, 4, 1, 16, 5, 11, 10, 17, 3, 6, 3, 1, 15, 2, 19, 9, 9, 2, 10, 13, 6, 11, 2, 2, 11, 1, 9, 3, 7, 5, 2, 8, 4, 7, 4, 3, 8, 1, 12, 5, 5, 13, 11, 4, 5, 11, 7, 8, 10, 11, 2, 16]; 
    [13, 4, 1, 16, 5, 11, 10, 17, 3, 6, 3, 1, 15, 2, 19, 9, 9, 4, 3, 8, 1, 12, 5, 5, 13, 11, 2, 2, 5, 9, 19, 4, 2, 16, 10, 9, 5, 9, 8, 16, 1, 5, 15, 4, 5, 11, 7, 8, 10, 11, 2, 16, 4, 8, 10, 3, 18, 4, 10, 9, 7, 2, 7, 11, 6, 11, 4, 1, 8, 7, 14, 9, 12, 4, 7, 4, 7, 13, 10, 19, 6, 18, 4, 8, 2, 3, 12, 7, 15, 2, 7, 9, 1, 7]; 
};